seq_1,seq_2,ss_1,ss_2,dg
AGUAUCGG,UUGGUAUU,.(((((((,))))))).,-11.0
ACGUGGUG,UGUCAUGU,((((((((,)))))))),-9.8
GUUUGCAA,UUGCGGGC,((((((((,)))))))),-14.3
GGUAACUU,GAGUUGCC,((((((((,)))))))),-15.6
GGAGUCGU,GCGGCUCU,((((((((,)))))))),-17.3
GUGGUGUC,GGCACUGU,..((((((,))))))..,-14.8
UGGUGUCC,GGACGUUA,....((((,))))....,-13.5
GUAUGUUU,GAGUGUGU,.(((((((,))))))).,-5.1
UCUUGGCU,GGUUAAGG,.(((((((,))))))).,-12.9
GUUGUUAU,GUGAUGAC,((((((((,)))))))),-10.6
CGGGUCUG,CGGGUCUG,((((((((,)))))))),-12.9
GUGGAUGG,CUGUCUGC,((((((((,)))))))),-14.1
AUUGGUGU,GCACCGGU,((((((((,)))))))),-15.2
UGUGUACG,UGUGUGCG,.(((((((,))))))).,-10.3
GGUGUUCC,GGAGCGUU,...(((((,)))))...,-14.4
UUCCGCCG,UGGUGGGA,((((((((,)))))))),-17.5
UUGAUAUA,UAUGUUGG,..((((((,))))))..,-9.4
AUCUAGUG,CAUUGGGU,((((((((,)))))))),-13.8
UGAAUGAC,GUCGUUCG,.(((((((,))))))).,-16.3
CAUUGGUG,UAUUGAUG,((((((((,)))))))),-10.4
GUAUGGGU,AUCCAUGC,((((((((,)))))))),-16.1
UGUCGUGA,UUGUGGCG,.(((((((,))))))).,-9.6
CUCUAUGU,GCGUGGAG,((((((((,)))))))),-15.2
UGUGGGUG,CGCUCGUG,...(((((,)))))...,-13.2
UAUGCUUU,GAGGUAUG,((((((((,)))))))),-11.4
UUGGCUUU,AGAGCUGG,..((((((,))))))..,-13.0
UUACUUGG,UCAAGUGA,((((((((,)))))))),-13.9
ACUUUAUU,GGUAGGGU,((((((((,)))))))),-10.4
GUGGAGGU,ACUUUCGU,..((((((,))))))..,-12.4
GAGUCAGG,CUUGACUU,((((((((,)))))))),-16.5
GGGUACUA,UGGUGCUC,((((((((,)))))))),-15.4
CUGUUGCG,UGCGGUGG,((((((((,)))))))),-10.5
UGAUCGGU,GUUGAUUA,((((((((,)))))))),-8.2
CGUUUCGC,GUGAGACG,((((((((,)))))))),-16.9
CUUGCGGC,GUUGUGGG,((((((((,)))))))),-13.3
GGCUUGUG,UACAAGCU,((((((((,)))))))),-16.6
UGGGUGUU,GAUACCUG,.(((((((,))))))).,-13.9
GUUACGGA,UCCGUGAU,((((((((,)))))))),-16.5
UCGUCUGG,CCGGAUGG,.(((((((,))))))).,-17.7
GGGCCUAG,UUGGGUUU,.(((((((,))))))).,-13.5
AGGUUGGU,GCCGGCUU,.(((((((,))))))).,-14.8
AUGAGCGU,AUGCUUAU,((((((((,)))))))),-14.4
UCUGUCCC,GGGAUGGA,((((((((,)))))))),-18.2
CGCGGAGG,CUUCUGUG,((((((((,)))))))),-16.7
GUGGGUCC,GGAUUCGC,((((((((,)))))))),-17.1
UGAGAUGU,AUGUUUCA,((((((((,)))))))),-11.6
GGCCGGGC,GCUUGGCU,((((((((,)))))))),-19.8
GUGUCAUU,GGUGGUAC,((((((((,)))))))),-9.7
UCUAGUGG,UCGCUGGA,((((((((,)))))))),-15.8
GGCGAGCA,UGCUUGUU,.(((((((,))))))).,-16.0
GGGAGGCG,UGUCUCUC,((((((((,)))))))),-16.8
UGACGGUA,UACUGUUA,((((((((,)))))))),-14.0
AAUUGUAG,UUGUAGUU,((((((((,)))))))),-7.0
UGGUGAAU,AUUUACCG,.(((((((,))))))).,-14.5
UUAAUGCU,AGUAUUGA,((((((((,)))))))),-12.6
UAGUUCAG,UUGAGCUG,((((((((,)))))))),-14.1
GCCGCUAG,CUAGUGGU,((((((((,)))))))),-18.9
ACAGUGAU,AUUGCUGU,((((((((,)))))))),-13.7
CAGGGCGC,GUGUCUUG,((((((((,)))))))),-16.8
GUGUGAUA,UAUUACAU,((((((((,)))))))),-12.9
GGUUUGUU,AGUGAAUC,((((((((,)))))))),-7.3
GUUUGAGC,GUUCGAAU,((((((((,)))))))),-14.1
UUUCUGUU,GAUGGGAA,.(((((((,))))))).,-10.1
AGAGUUUA,UGAGUUCU,((((((((,)))))))),-9.2
GCUGUGUG,CACGUAGC,((((((((,)))))))),-15.1
GAUUAGGU,GUUUGGUC,((((((((,)))))))),-7.4
GCGUUUAC,GUGGGCGC,((((((((,)))))))),-16.6
UAGCAUUG,UGAUGUUG,((((((((,)))))))),-11.1
UUAAGUUC,GGGCUUAG,.(((((((,))))))).,-13.4
AGCUGUUU,GGGCAGCU,((((((((,)))))))),-15.0
GGUGGAGA,UCUUCGUC,((((((((,)))))))),-11.9
AAGGAGGG,UUCUCCUU,((((((((,)))))))),-15.6
GCUCGCGU,AUGUGAGU,((((((((,)))))))),-16.4
UUAGUAGG,CCUGCUAG,.(((((((,))))))).,-17.0
GGGCGAUU,AAUCGUUU,.(((((((,))))))).,-13.2
UUGCGGGU,GUUCGCGG,.(((((((,))))))).,-10.7
CGUUCUUG,CGAGGGCG,((((((((,)))))))),-15.9
CAUCUUGU,AUAGGGUG,((((((((,)))))))),-13.3
GUCAUGGG,UUUAUGGC,((((((((,)))))))),-12.5
GAACUGCA,UGUGGUUU,((((((((,)))))))),-13.3
CGGAGUGU,GCACUCUG,((((((((,)))))))),-17.1
UCGGAUGA,UUAUUCGG,.(((((((,))))))).,-13.1
CUAGGUUG,UAAUCUAG,((((((((,)))))))),-13.6
GACGGUUG,CAGUUGUC,((((((((,)))))))),-12.1
AUCGGAUC,GGUUUGAU,((((((((,)))))))),-13.2
AGAUGUGG,CUACGUCU,((((((((,)))))))),-16.3
CUCUUCUA,UGGAAGGG,((((((((,)))))))),-15.1
