seq_1,seq_2,ss_1,ss_2,dg
GUGCGUGCAGUU,GGCUGCACGUAC,((((((((((((,)))))))))))),-25.3
GGUGGUGCCUUU,GAGGGUGUUGCC,((((((((((((,)))))))))))),-16.5
GGGUUUGGAGUU,GGUUUUAAGCUU,.(((((((((((,))))))))))).,-11.2
GGUGUUUAGGUC,GACUUAAGCGUU,...(((((((((,)))))))))...,-18.2
UAAAUGGUCGGC,GUUGACCAUUUA,((((((((((((,)))))))))))),-22.2
UUCGGACGGUGG,UUGUUGUUUGAG,.(((((((((((,))))))))))).,-12.4
AGUUCACGUGGG,CUUGUGUGGACU,((((((((((((,)))))))))))),-17.5
AGUUCGUUGGUG,UAUUGGUGAAUU,.(((((((((((,))))))))))).,-11.4
CGUGAUUUGUAG,UUGUGAGUCGUG,...(((((((((,)))))))))...,-10.5
UGCGAGCGCUUG,CGGGCGUUUGCG,.(((((((((((,))))))))))).,-24.7
GUGACUGGGGCA,UGCUUUGGUCAC,((((((((((((,)))))))))))),-22.3
AGUGGUCGGAGU,GCUCUGGCUGCU,((((((((((((,)))))))))))),-22.7
GUAAGGCUGGCU,GGCUAGUUUUGU,.(((((((((((,))))))))))).,-18.6
UGGGUCGAGGUG,UGCCUCGAUUCG,.(((((((((((,))))))))))).,-23.0
CGAUGGGCGUUU,GGAUGUUCGUCG,((((((((((((,)))))))))))),-19.0
CUGACUUGUGGG,UCUGUGAGUUGG,((((((((((((,)))))))))))),-13.7
CUGGGUCCUUAA,UUAGGGACUUAG,((((((((((((,)))))))))))),-21.5
GUGGAUAACACG,CGUGUUGUCUGC,((((((((((((,)))))))))))),-23.1
GACUCGGCGUUA,UGGUGUUGGGUU,((((((((((((,)))))))))))),-15.6
GGCUGGUUGCAU,GUGUGAUUGGUU,.(((((((((((,))))))))))).,-15.7
UGUUGGUGCGGC,GUUGUAUCGGCA,((((((((((((,)))))))))))),-20.9
ACAAGCGGUUUG,CGGGUUGUUUGU,((((((((((((,)))))))))))),-15.0
UGGAUUCACCUA,UGGGUGGAUCUG,.(((((((((((,))))))))))).,-22.4
UGGUGUAUUGGU,ACCAGUGUGUUA,.....(((((((,))))))).....,-13.9
ACAUGUUUCGCU,GGUGGAACAUGU,((((((((((((,)))))))))))),-21.2
GGUUUCUACGUG,UACGUGGGAAUC,((((((((((((,)))))))))))),-20.8
UAUUCGAUUACC,GGUGGUUGGGUG,((((((((((((,)))))))))))),-19.1
UUUUAGCGUACG,UGUGUGCUGAGG,.(((((((((((,))))))))))).,-16.9
UCCUGGGUUUUA,UGGGACCUGGGG,.(((((((((((,))))))))))).,-20.5
AGGUGUUCGGGU,GUUUGAGUACCU,((((((((((((,)))))))))))),-13.2
UUUCUGCAGGUC,GGUUUGCAGGGG,.(((((((((((,))))))))))).,-17.6
AGUUCGUUGGAU,AUCCGGCGGGCU,((((((((((((,)))))))))))),-22.9
GUUAGAUGAGGG,UUUUCAUCUAGC,((((((((((((,)))))))))))),-19.4
GGGAGGGUGAAU,AUUCAUCUUUUC,((((((((((((,)))))))))))),-18.6
CGGGUUGGCAAG,UUUGUCGGUCCG,((((((((((((,)))))))))))),-18.7
CGAGUAGUGUUG,CGACGUUAUUUG,((((((((((((,)))))))))))),-15.8
GUCGUGGGGUUG,CAGUUCUGUGAC,((((((((((((,)))))))))))),-14.1
GCGGUUGUCAAA,UUUGGCGAUUGU,((((((((((((,)))))))))))),-18.9
UGUACGCAGUUA,UGGUUGUGUGUA,..((((((((((,))))))))))..,-13.1
GUCACUUGGUUU,AGGCUGGGUGAU,((((((((((((,)))))))))))),-18.8
UAUCCUGGAUUU,AGGUCCAGGGUA,((((((((((((,)))))))))))),-22.6
UGUGUGGGUAAU,GUUAUCUGUGUG,.....(((((((,))))))).....,-11.2
UCGUUUGGCGUU,GAUGUCGGGUGG,.(((((((((((,))))))))))).,-14.4
AGUGUGGUGGAG,CUUCGUUAUAUU,.(((((((((((,))))))))))).,-14.7
GUUUGCGCUGUU,GGCAGUGUGGGU,.(((((((((((,))))))))))).,-16.7
AGGAUGUGCCAU,AUGGUAUGUUCU,((((((((((((,)))))))))))),-20.1
CGGUCUUGGCUU,AGGUUAAGAUUG,((((((((((((,)))))))))))),-18.6
GUUUCUUUUAGU,GUUGAAAGGGAU,((((((((((((,)))))))))))),-12.0
GUAGGGUGGGGA,UUUCCGUUUUGU,.(((((((((((,))))))))))).,-12.4
UCCUAAAUUGGU,GCUGGUUUGGGG,.(((((((((((,))))))))))).,-18.2
AAUGGGUAUACU,GGUAUACUUAUU,((((((((((((,)))))))))))),-17.6
GUGGCGAUGGUG,UGUCAUUGUUGU,..((((((((((,))))))))))..,-12.4
AGUGCGUUGGUU,GGUUAAUGCGCU,((((((((((((,)))))))))))),-15.6
AACGUUAGGUGU,AUGUUUGGCGUU,((((((((((((,)))))))))))),-13.1
UGGAGUUGUAUC,GGUAUGAUUUUG,.(((((((((((,))))))))))).,-14.8
UCGUUGUUAGGG,UCCUGACGGUGA,((((((((((((,)))))))))))),-18.6
GUCUCGGUAGGU,AUUUAUUGGGGU,.(((((((((((,))))))))))).,-15.5
GUUGCACUUGCG,UGUGGGUGCAAU,((((((((((((,)))))))))))),-21.1
UCGAAUUAGAUU,AGUUUGAUUCGG,.(((((((((((,))))))))))).,-17.7
GUGUGUGAUUUU,GGGGUUAUGCGU,..((((((((((,))))))))))..,-12.6
AGCGCGGGCGCG,CGUGUUUGUGUU,.(((((((((((,))))))))))).,-22.0
UUGAGUAUGGGG,CCUCAUGUUUAG,.(((((((((((,))))))))))).,-17.4
GGAAUCUUGCGC,GUGUGGGGUUCU,((((((((((((,)))))))))))),-20.6
GGUUUGCGUAUU,AGUACGUGGAUU,.(((((((((((,))))))))))).,-16.7
GCGUGUAUCGGA,UUUGGUAUGCGC,((((((((((((,)))))))))))),-19.8
GCGUGCUCAUGG,UCAUGAGUGCGU,((((((((((((,)))))))))))),-23.7
UGGCGUGUUAUA,UGUGGCGCGUUA,((((((((((((,)))))))))))),-19.2
GGUGGUGGUGGG,UCCGUUGUUGCU,((((((((((((,)))))))))))),-11.4
GUCGACAGUCCC,GGGAUUGUCGAU,((((((((((((,)))))))))))),-27.5
GUUGAGAUACAG,CUGUGUUUUAGU,.(((((((((((,))))))))))).,-17.9
UGUAUCCAAUUU,AGGUUGGAUGCG,.(((((((((((,))))))))))).,-20.5
CUGCGUUCGAAA,UUUUGAAUGUGG,((((((((((((,)))))))))))),-17.9
GUGUGGCCGUUU,GGGCGGUUGUAC,((((((((((((,)))))))))))),-16.1
UUCUGGGAUUGG,UCGGUUUCGGGG,.(((((((((((,))))))))))).,-16.9
UGUUGAAGGGUU,GGUUCUUUGGCG,.(((((((((((,))))))))))).,-12.0
AAAGCUUGCAGG,CCUGUGGGCUUU,((((((((((((,)))))))))))),-23.3
UUGGUGGUGCUU,AAGUGCCAUUGG,..((((((((((,))))))))))..,-18.5
GGGUUUGCUAGU,GUUAGUAGAUCU,((((((((((((,)))))))))))),-14.9
UAGUUUCCUGUU,AGCGGGAAAUUG,((((((((((((,)))))))))))),-19.8
GUGGGCUCUUGG,UCAAGGGCCUGC,((((((((((((,)))))))))))),-24.5
UAUGGGUCGGUG,CAUCGGUCCAUG,((((((((((((,)))))))))))),-20.3
UCUAUAUCUGGC,GCUAGGUGUGGA,((((((((((((,)))))))))))),-23.0
GAUAUUCGGUGU,GUAUUGAGUAUU,((((((((((((,)))))))))))),-12.9
AUGUUGAUCGUA,UGUGGUUAACGU,((((((((((((,)))))))))))),-14.7
GGAUUAUGUAUG,CGUGCGUAGUCU,((((((((((((,)))))))))))),-20.6
GUGGAGGGCUCC,GGAGUUCUCUAU,((((((((((((,)))))))))))),-24.9
AUGAUGAUUUGU,GCAGAUUGUUGU,((((((((((((,)))))))))))),-14.2
GAUUCUUGGGAU,GUUCCAGGGAUU,((((((((((((,)))))))))))),-19.3
GUUGUGGGGUCG,UGACCUUGUGGC,((((((((((((,)))))))))))),-16.3
UUGGGUGGCUUG,CAGGCUAUUCAA,.(((((((((((,))))))))))).,-21.5
CUUGCGUGCGGU,ACUGUACGCGAG,((((((((((((,)))))))))))),-25.2
UUGUCGAACUCA,UGGGUUUGGCAG,.(((((((((((,))))))))))).,-21.1
CGAGUGGAACCG,UGGUUUUGUUCG,((((((((((((,)))))))))))),-16.7
UGGUCGAAGUGC,GUACUUUGGCUA,((((((((((((,)))))))))))),-22.1
GCGUGUGGGUUG,CGGCUCGUGUGC,((((((((((((,)))))))))))),-15.5
GUGACAGUUAAG,UUUGGUUGUUAU,((((((((((((,)))))))))))),-13.1
AGGAAACGUGUG,UGUAUGUUUUCU,((((((((((((,)))))))))))),-13.9
AGUUCUUGAGGU,AUUUUGGGAGUU,..((((((((((,))))))))))..,-12.4
UCGGACGCUAUC,GGUAGUGUCUGA,((((((((((((,)))))))))))),-24.3
GUGAUUAGAUAU,GUAUCUAGUUGU,..((((((((((,))))))))))..,-15.5
UGCUGAGACAUA,UGUGUCUUGGCG,.(((((((((((,))))))))))).,-22.2
GGCGAUGGUUGC,GUGGCCAUCGUU,.(((((((((((,))))))))))).,-23.3
UUGUGGAGGGGU,ACCUCUCUGCGA,((((((((((((,)))))))))))),-23.3
UUGUUGAGACUG,UAGUUUUGGUAA,.(((((((((((,))))))))))).,-12.2
GUCGUCAAAGGG,CUCUUUGGCGAU,((((((((((((,)))))))))))),-23.5
UGUACUAGUUGU,GUGAUUAGUGCA,((((((((((((,)))))))))))),-14.7
UUGGUCGUAAGU,ACUUGUGGUCGG,.(((((((((((,))))))))))).,-13.1
UUCUUACUUGAG,CUCGGGUAAGAG,.(((((((((((,))))))))))).,-22.1
GUUUGGGUCACG,UGUGGUUUGGGC,((((((((((((,)))))))))))),-13.4
UCAGUUUGUGGU,AUCGCGAGCUGA,((((((((((((,)))))))))))),-21.9
CUUUGUGCUAUG,CGUGGUAUAGAG,((((((((((((,)))))))))))),-20.0
UGUCUGCUCUUG,UAAGGGUAGACG,.(((((((((((,))))))))))).,-22.6
UUCUUGGGGUGA,UCACCUCGGGAG,.(((((((((((,))))))))))).,-23.5
UUGAUGGGUUUU,AGGGUUUGUCGG,.(((((((((((,))))))))))).,-9.9
CUGGUUUCGUGU,AUGUGAGGUCGG,((((((((((((,)))))))))))),-11.6
CGAGCUAUCAUU,GGUGGUGGUUUG,((((((((((((,)))))))))))),-18.1
CGUAUCUCGGUU,GAUUGGGAUGUG,..((((((((((,))))))))))..,-15.1
UGGGAUAAUUGA,UCAAUUAUCUUG,.(((((((((((,))))))))))).,-18.1
UUCUUAUCUUGU,GCGAGAUAAGGG,.(((((((((((,))))))))))).,-19.4
AUAUGUGGGGUG,CGCUUUACAUAU,((((((((((((,)))))))))))),-19.5
GUGCCGUUGACG,CGUUGAUGGCGC,((((((((((((,)))))))))))),-24.5
GAAGUACGUAGG,UUUACGUACUUU,((((((((((((,)))))))))))),-19.8
GUUGGGUAUUAU,GUAGUGCUCGGU,.(((((((((((,))))))))))).,-16.1
UGUUCUUUUCGG,CUGAAGGGAGUG,..((((((((((,))))))))))..,-17.3
UAGCUCGCCUGU,GUAGGUGAGUUA,((((((((((((,)))))))))))),-19.7
GGCUGUGGAGUG,UACUCUGCGGUC,((((((((((((,)))))))))))),-22.8
GGAGCGGAUGCC,GGCAUCUGUUCU,((((((((((((,)))))))))))),-27.0
GUCUUAGCUAUU,GGUGGUUGAGAU,((((((((((((,)))))))))))),-18.1
GAUUGCCUUUAG,UUGAGGGUGGUC,((((((((((((,)))))))))))),-18.7
CAGUUGUCAUGU,ACGUGGUGGCUG,((((((((((((,)))))))))))),-17.4
GGUGGUGGGCUC,GGGCCUACCAUU,.(((((((((((,))))))))))).,-26.7
UGACUGUUAGGA,UUUUGGUGGUUG,.(((((((((((,))))))))))).,-11.2
UGUCGUGUGCAG,UUGUGCAUGAUG,.(((((((((((,))))))))))).,-19.7
CGGGUGGUUUCG,UGGAACUACUCG,((((((((((((,)))))))))))),-21.9
GGGCUGGCCGGU,AUUGGUUGGCCU,((((((((((((,)))))))))))),-22.9
UAAGGGCGUUGG,UCAGUGUCUUUA,((((((((((((,)))))))))))),-16.0
AUCAAAUGGUGC,GUGUCGUUUGGU,((((((((((((,)))))))))))),-15.6
UUCAAGUUGUUA,UAAUGGCUUGGA,((((((((((((,)))))))))))),-16.7
UGCUCGGUUCGC,GCGGAUUGGGUA,((((((((((((,)))))))))))),-22.6
UGAGGAAUGCGC,GUGUGUUUCUUG,.(((((((((((,))))))))))).,-19.0
UGAUUUUAUACG,UGUAUGGGGUCG,.(((((((((((,))))))))))).,-17.1
GCUGGGCUACGU,GUGUGGCCUGGU,((((((((((((,)))))))))))),-20.3
UGCGUGUUUGGC,GUCGGAUGUGUA,((((((((((((,)))))))))))),-15.5
GGAGUGAAGGUA,UGCCUUCGCUUU,.(((((((((((,))))))))))).,-22.7
GUUAUUUCGAUU,AAUUGAAGUGAC,((((((((((((,)))))))))))),-17.7
GUCUCUGGUCGG,UCGGUUAGAGGC,((((((((((((,)))))))))))),-19.5
GUAUAGCGUCUG,UAGGCGUUGUAU,((((((((((((,)))))))))))),-20.5
CGGGUCAUUGGG,UUCGGUGAUUUG,((((((((((((,)))))))))))),-16.9
UUGGUUGUUUGU,GUAGGUGGCUAG,.(((((((((((,))))))))))).,-8.1
UGAUGGCUUGAG,UUUAGGCCGUUG,.(((((((((((,))))))))))).,-20.0
UAAUCUAUCUUG,UAGGGUGGGUUG,((((((((((((,)))))))))))),-17.3
UCUGUCGGUUAU,GUGGCUGAUAGG,.(((((((((((,))))))))))).,-19.6
GGACGGGGUAAU,AUUAUUUUGUUU,.(((((((((((,))))))))))).,-14.5
GGCUUCGACUGU,GUAGUCGGGGCU,((((((((((((,)))))))))))),-20.2
AACUUUUCAACG,UGUUGAGGGGUU,((((((((((((,)))))))))))),-18.6
GUGAGAUCUCCG,CGGGGAUCUUGC,((((((((((((,)))))))))))),-25.0
UCGUGUGAGGUA,UACUUCACAUGA,((((((((((((,)))))))))))),-22.7
GGAUUGUUCUGU,ACAGAGUGAUCU,((((((((((((,)))))))))))),-17.4
GGCGGGUGCGUC,GGCGUGCUCGUC,((((((((((((,)))))))))))),-25.2
CAUUGUGCUCGU,ACGGGUGUAGUG,((((((((((((,)))))))))))),-17.4
CCAUGGUGUUGG,UUGACACUGUGG,((((((((((((,)))))))))))),-19.9
GUGUCAUCAGUG,UGCUGGUGAUGC,((((((((((((,)))))))))))),-20.7
UAAGUGUAAUUC,GGGUUACAUUUG,((((((((((((,)))))))))))),-17.4
AUUGCAGUUUUG,UGGGAUUGUAGU,((((((((((((,)))))))))))),-14.4
UGUGUGAAGUGC,GUGUUUUAUGCA,((((((((((((,)))))))))))),-14.0
UUUUACUUUGAU,GUCGGAGUAGAG,.(((((((((((,))))))))))).,-17.3
UUUGUGUUGCGC,GUGCAGUGCGAG,.(((((((((((,))))))))))).,-18.2
UGUGCGUCAUUC,GGAUGAUGCGUA,...(((((((((,)))))))))...,-20.2
CAGUAAUGGGUG,CGUCCAUUGUUG,((((((((((((,)))))))))))),-15.6
GUUAAUCUUUGA,UUAGAGGUUAAC,((((((((((((,)))))))))))),-17.5
GGCGAAGCAGAU,GUCUGUUUUGCC,((((((((((((,)))))))))))),-23.7
GUGACUUAAUGG,UUGUUGAGUUAU,((((((((((((,)))))))))))),-15.6
CACCUAGUCAGU,GUUGGUUGGGUG,((((((((((((,)))))))))))),-15.2
UCCACGGUAACU,GGUUGUUGUGGA,((((((((((((,)))))))))))),-18.6
CCGGUUAGAGGC,GCUUCUGGUUGG,((((((((((((,)))))))))))),-20.1
GGGUGUUUCUCG,CGAGGAGUACCU,((((((((((((,)))))))))))),-21.3
GUUUGGCUGGUU,GGUCGGCCAAAU,((((((((((((,)))))))))))),-18.0
AAUGACUAGAGA,UUUCUGGUCAUU,((((((((((((,)))))))))))),-20.7
CCGGUUUAGCGG,UUGUUGAAUCGG,((((((((((((,)))))))))))),-20.1
GGCCUUUUAUGG,UUGUGGGAGGCU,((((((((((((,)))))))))))),-18.6
GCUCGUUAGGUG,UACCUGGCGGGC,((((((((((((,)))))))))))),-25.3
GGCUAUCUAGGU,GUUUGGGUGGUC,((((((((((((,)))))))))))),-15.2
GGGGUUGUGGGG,UUCUGCGGCCCU,((((((((((((,)))))))))))),-22.2
UUCGGUGAGCGC,GUGCUUAUCGGG,.(((((((((((,))))))))))).,-23.1
CAAUUCUGUGUG,CAUGUAGGGUUG,((((((((((((,)))))))))))),-15.6
GGUGUACGUUGU,GUGGUGUGCGUC,((((((((((((,)))))))))))),-8.6
UGUGUCUGGCGU,GUGUUGGAUAUG,.(((((((((((,))))))))))).,-13.7
GUGGUUUGGUCU,GGACUGGACCGU,..((((((((((,))))))))))..,-19.6
GAGGGCGAUUUC,GAAAUUGUCUUU,((((((((((((,)))))))))))),-19.6
AUAGAUAACGAU,GUUGUUGUUUGU,((((((((((((,)))))))))))),-15.7
GCUGGCUGAGAG,CUCUCAGUUGGC,((((((((((((,)))))))))))),-25.6
CGGUUGGCGGGU,GUUUGCCAAUUG,((((((((((((,)))))))))))),-16.4
CGGUAAGCCGGG,UUUGGUUUGUCG,((((((((((((,)))))))))))),-16.6
GGUUUGCUGUUG,CGGCGGCAGGUC,((((((((((((,)))))))))))),-18.9
UUCGAUUGGGGU,AUCUUGGUCGGA,((((((((((((,)))))))))))),-17.4
GGUGAAUGCUUU,AAAGUAUUUGUU,...(((((((((,)))))))))...,-14.2
GUGAAGGGACUC,GGGUCUCUUUAC,((((((((((((,)))))))))))),-23.4
CUAGCGGUGGAC,GUCUAUUGUUGG,((((((((((((,)))))))))))),-21.3
GGGGCGAGUGAG,UUCGUUCGUUCU,((((((((((((,)))))))))))),-17.9
UUGCUUGUGCUC,GGGUGUAGGCGG,.(((((((((((,))))))))))).,-17.6
GUCGACGUUUUG,CGGGACGUUGAU,((((((((((((,)))))))))))),-20.7
UGGAGUUGUCGU,ACGGUGACUCUG,.(((((((((((,))))))))))).,-18.1
GGUUGUUUAUGU,AUAUAAAUGACU,((((((((((((,)))))))))))),-16.0
GAGAAGCUGUUG,UGGCAGCUUUUC,((((((((((((,)))))))))))),-20.9
UCUUCGGGGUGG,CUACUUCGGAGA,((((((((((((,)))))))))))),-22.8
UCGGUGAUAUUU,GGGUAUUGUUGG,.(((((((((((,))))))))))).,-10.2
UUCUGCUUGUGU,GUACAGGUAGGG,.(((((((((((,))))))))))).,-16.6
CCAAGUAGUCGU,GUGAUUGCUUGG,((((((((((((,)))))))))))),-18.7
UGGCGUUGCAGU,GUUGCAGUGUUG,.(((((((((((,))))))))))).,-13.2
UAUUUGGAAAUG,CAUUUCUGAGUG,((((((((((((,)))))))))))),-17.2
GGUAAGGGGCGU,GUGCCUUUUGCU,((((((((((((,)))))))))))),-18.3
GUUGGUCUAUUG,CGGUGGACUGAC,((((((((((((,)))))))))))),-20.5
GGGGUUAUAUUU,AAGUGUGGUUUU,....((((((((,))))))))....,-10.1
CUCUGCUUUGGG,UUCAAAGUGGAG,((((((((((((,)))))))))))),-20.1
GGAUUUGUGAUG,UAUUGCGAGUUU,.(((((((((((,))))))))))).,-15.1
GUAAACUAUUCU,GGGAUGGUUUAU,((((((((((((,)))))))))))),-17.6
GGCCUUAAGCGC,GUGCUUGGGGUU,.(((((((((((,))))))))))).,-24.0
UGUGGGUUAGGU,AUUUAGCCUAUA,((((((((((((,)))))))))))),-18.4
UGUGAUGGUACA,UGUGCUGUCACA,((((((((((((,)))))))))))),-22.3
UUAUCUUGAAUA,UGUUCGAGGUGA,((((((((((((,)))))))))))),-18.2
UGGUUGCAGGAA,UUUCUGUAGUUG,...(((((((((,)))))))))...,-15.1
UUGUGGGAAGCC,GGCUUCCUAUGA,((((((((((((,)))))))))))),-24.5
UUGCGGGCGGGG,UUUUGUCUGUGA,((((((((((((,)))))))))))),-16.7
GGGUGUGCUGUC,GGCGGCAUAUCU,((((((((((((,)))))))))))),-24.0
GGGUGCGGUGAU,AUCGUUGUAUCC,((((((((((((,)))))))))))),-18.4
UUCUGUCGGAUG,CAUCUGGCGGGA,((((((((((((,)))))))))))),-23.1
CUAGGCGUCGGU,AUCGGUGUCUAG,((((((((((((,)))))))))))),-19.6
GGUUUCAUUCGG,UUGGAUGGGAUU,.(((((((((((,))))))))))).,-16.1
ACAUGGGGUGUU,GGCGUUUCGUGU,((((((((((((,)))))))))))),-14.5
UGCUGGUCAGUG,UACUGACUGGUG,.(((((((((((,))))))))))).,-22.0
GAUGUAUGACAA,UUGUUGUAUGUC,((((((((((((,)))))))))))),-16.8
UGUUUGCCGUGA,UCGCGGUGGAUG,.(((((((((((,))))))))))).,-20.7
UUUGGUGGUUUA,UGAGCCGUUAGG,.(((((((((((,))))))))))).,-14.4
GUGAUCCAUGCG,CGCGUGGGUCGU,..((((((((((,))))))))))..,-25.0
CCUUGGCUCCAA,UUGGGGUCGAGG,((((((((((((,)))))))))))),-25.0
GAAGAUGAUGGU,GCUGUCGUCUUC,((((((((((((,)))))))))))),-21.0
UUGUGGUUUGUA,UGUGGGUUGUAA,..........((,))..........,-4.1
GUCUGAUUGUAC,GUACAGUCGGAU,((((((((((((,)))))))))))),-23.1
AGGAUAGGCAUA,UGUGCCUGUUUU,.(((((((((((,))))))))))).,-20.7
GGUUUAGGUGAC,GUUACUUGAACU,((((((((((((,)))))))))))),-20.5
GGCGGGAUUGUU,AAUGGUUUCGUC,((((((((((((,)))))))))))),-16.8
GAGUUCAGGGGU,GCUCCUGAGUUU,...(((((((((,)))))))))...,-19.0
GAUACUUACGAG,UUCGUGGGUGUU,((((((((((((,)))))))))))),-19.9
UGGCGCGGUGUG,CAUGCUGUGUUA,((((((((((((,)))))))))))),-20.8
UUGUUGCCGUAG,UUGUGGUAAUAA,.(((((((((((,))))))))))).,-15.6
CUCGGAGGGUGU,GUACCUUUCGAG,((((((((((((,)))))))))))),-19.9
AAGGCGGUUGGC,GUUGAUUGUUUU,((((((((((((,)))))))))))),-15.4
UAUAUGGUGGAU,GUUUAUUGUAUG,((((((((((((,)))))))))))),-12.4
CAGUCUUUAUCG,CGGUAGGGGCUG,((((((((((((,)))))))))))),-22.2
UCGGGAUCUCGG,UUGGGGUUUUGA,((((((((((((,)))))))))))),-17.3
CGUGGUAGUUUA,UGGGUUAUCGCG,((((((((((((,)))))))))))),-14.8
UAGGUAGGAUGU,GUGUCUUGCCUG,((((((((((((,)))))))))))),-16.6
UGAUGCUGUUGU,GUGACGGCGUUG,.(((((((((((,))))))))))).,-15.5
GUUUGUAGUUAC,GUAAUUAUGGGC,((((((((((((,)))))))))))),-16.4
UAUUGUCAGGGG,UCUUUGGUGGUA,((((((((((((,)))))))))))),-12.7
GUUGAAUUGUUG,CAGUAAUUUAAU,((((((((((((,)))))))))))),-13.6
AAUGGCGACGCU,AGUGUUGUCGUU,((((((((((((,)))))))))))),-21.3
AUGUUGUGAGGG,CCUUUGCGGCGU,((((((((((((,)))))))))))),-20.4
GACGUUGUGUCA,UGAUGUGAUGUU,((((((((((((,)))))))))))),-14.1
AAGUCUAUGCUG,CGGUGUAGGCUU,((((((((((((,)))))))))))),-21.2
GGGGCGUAGUGU,AUGUUGUGCUCU,((((((((((((,)))))))))))),-13.3
AUUGGGCGUGUA,UACGCGUUCAGU,((((((((((((,)))))))))))),-20.9
UGGUGGGAUAUU,GGUAUUCUAUCG,.(((((((((((,))))))))))).,-16.9
GAGGGCGUUAUG,CGUGAUGUUUUC,((((((((((((,)))))))))))),-18.6
UUUACGAGGUCU,GGAUCUUGUGAG,.(((((((((((,))))))))))).,-19.5
UUUGAGGUUUAG,UUGAGCCUUGGG,.(((((((((((,))))))))))).,-16.7
UUCUACUGGACA,UGUUUAGUGGGA,((((((((((((,)))))))))))),-19.8
UCUCUGAUUGGG,UUUAAUUAGGGG,.(((((((((((,))))))))))).,-16.8
UGGCUGCCUGCG,CGCGGGCGGCUG,.(((((((((((,))))))))))).,-29.5
UGUGGGCAUGGG,CUUAUGUCCACA,((((((((((((,)))))))))))),-24.2
AUGUUACGUUCG,UGGGUGUGGUGU,...(((((((((,)))))))))...,-10.6
CAGGCACUUUAA,UUGGGGUGCCUG,((((((((((((,)))))))))))),-23.2
GCGGUAAGGUCG,UGGCUUUACUGC,((((((((((((,)))))))))))),-22.7
AUUGUACAGGCA,UGUUUGUGUGGU,....((((((((,))))))))....,-14.1
UUGGACGAUUCG,CGAGUCGUUCGG,.(((((((((((,))))))))))).,-22.7
GGGUUCUCUUCC,GGGAGAGGGCCU,((((((((((((,)))))))))))),-26.2
AGGCUGCCGUUG,UGACGGUGGCUU,.(((((((((((,))))))))))).,-22.2
GGAUGUGCACAG,CUGUGUGUGUUC,((((((((((((,)))))))))))),-17.5
GUGUUGAGGAUU,AGUCUUUGGUGC,((((((((((((,)))))))))))),-12.7
CGAUUUGAUUUG,UGAGUUGAGUUG,((((((((((((,)))))))))))),-13.3
UUGUAUUCUUUU,AAAGGGGUGCGG,.(((((((((((,))))))))))).,-16.5
CCGGAGCAGGGC,GUCUUGUUUUGG,((((((((((((,)))))))))))),-22.5
AAUGUGUAAUGC,GCAUUGUGCGUU,((((((((((((,)))))))))))),-16.7
GGGGCUGCGAAG,CUUCGUAGUCUU,.(((((((((((,))))))))))).,-23.9
CGUUUGGUGCUU,GAGCAUCGGGUG,..((((((((((,))))))))))..,-16.6
AAUCCGUUGCUU,AAGUAGCGGGUU,((((((((((((,)))))))))))),-21.8
GGUGUUUGGUCA,UGGUCGAGUGCC,((((((((((((,)))))))))))),-14.3
CUAUACGGACUU,GGGUUCGUGUGG,((((((((((((,)))))))))))),-20.0
UGGGCUUUGCGU,AUGCGGAGUUCA,((((((((((((,)))))))))))),-20.8
UAUGACAUUGUG,CAUGGUGUUGUG,((((((((((((,)))))))))))),-16.5
GUGUAUCUCCGG,CUGGAGGUGUGU,...(((((((((,)))))))))...,-19.5
UGUGCCAUGUGC,GUGCAUGGUGUG,...(((((((((,)))))))))...,-20.2
UCCUUUAAUGUU,AGUAUUAAGGGG,.(((((((((((,))))))))))).,-15.2
AAGAUGUGGAAG,CUUCCAUGUUUU,((((((((((((,)))))))))))),-19.8
GCAUAGCAGUUC,GGACUGCUGUGU,((((((((((((,)))))))))))),-25.3
UAUAUGGGCUGG,CCAGUCCGUAUG,((((((((((((,)))))))))))),-24.7
AAGUGUUUGAGA,UCUUGGGUGUUU,.....(((((((,))))))).....,-9.6
UGUGUUAAGGGU,AUUCUUAGUGUG,....((((((((,))))))))....,-11.6
ACUGCGUGUGGU,GCCGUGCGCAGU,((((((((((((,)))))))))))),-22.1
GUCAUGCACGUU,GGUGUGUGUGGC,((((((((((((,)))))))))))),-16.9
UUGGCGCUCCUG,UAGGGGUGCCGA,((((((((((((,)))))))))))),-26.1
GUGCUGCGUGGG,CUUGUGUAGCAU,((((((((((((,)))))))))))),-18.6
UGCGGGGUCUCC,GGAGAUCCUGUG,.(((((((((((,))))))))))).,-26.8
AGUUAUGCGGUA,UAUUGUGUGGCU,((((((((((((,)))))))))))),-16.8
GGUUUUGAGGUU,AGUUUUAGAACC,((((((((((((,)))))))))))),-14.2
GGGAGGGCCUCG,UGAGGUCUUUUC,((((((((((((,)))))))))))),-22.5
GGGGCCGGGCGG,UUGCCUGGUUCC,((((((((((((,)))))))))))),-26.5
CGCAUUCGCGGG,UUUGCGAGUGCG,((((((((((((,)))))))))))),-23.8
GGUCUGACGAGU,GCUCGUCGGGCU,((((((((((((,)))))))))))),-25.4
GUGCGAGGUUUG,CGGAUUUCGUGU,..((((((((((,))))))))))..,-17.5
UUUACUAUUUAU,AUAGGUAGUGGG,.(((((((((((,))))))))))).,-15.7
UUUCGUGGAUAU,GUAUUCGCGGGA,((((((((((((,)))))))))))),-18.0
ACGGUGUUAACC,GGUUGGCGCUGU,((((((((((((,)))))))))))),-23.6
AUUCUGAGUUUG,UGAGCUUAGGGU,((((((((((((,)))))))))))),-16.8
GGGCGGUGUGGG,CCUGUACCGUUU,.(((((((((((,))))))))))).,-20.1
AGUAUUCUGUGG,UUACAGGGUGUU,..((((((((((,))))))))))..,-15.7
GGCGGUUUAGUG,UGUUAGGCUGUU,.(((((((((((,))))))))))).,-13.4
GCUAAUAUGGGG,UCCCAUGUUGGC,((((((((((((,)))))))))))),-24.4
CGCGAUAGGGGU,GCUUUUGUUGCG,((((((((((((,)))))))))))),-19.4
CUGGGGUACUUG,UGAGUAUCUCGG,((((((((((((,)))))))))))),-19.9
UGUUUAUGUCGG,UUGAUGUAAAUA,((((((((((((,)))))))))))),-15.1
ACAUAGGGUGGG,UCUACUUUGUGU,((((((((((((,)))))))))))),-19.5
UCGUGUCUGGAU,GUCUAGGUGUGA,((((((((((((,)))))))))))),-13.2
CAGUGUCGGCCU,GGGUCGGCGCUG,((((((((((((,)))))))))))),-26.2
GGGUUAUUGGUG,CGUUAAUGACCC,((((((((((((,)))))))))))),-18.9
ACAGCGGGGUCA,UGGUCCUGUUGU,((((((((((((,)))))))))))),-20.5
AGGGAAUCAAGU,GCUUGGUUUCUU,.(((((((((((,))))))))))).,-18.8
UAUGUUGCAUAU,GUGUGUAAUGUG,((((((((((((,)))))))))))),-15.6
UCACACUUGUGG,CUAUGAGUGUGA,((((((((((((,)))))))))))),-22.3
GACUGGCGGUGU,GUAUUGCUGGUC,((((((((((((,)))))))))))),-17.2
UCUGCUCGGUUG,CGACUGGGUGGA,((((((((((((,)))))))))))),-22.4
GGAGGACAUGUU,AGUGUGUCUUUC,((((((((((((,)))))))))))),-15.8
UAUUUGUAUGCG,UGUGUGUGAGUA,((((((((((((,)))))))))))),-11.8
CUGGUAAGUUUA,UAAAUUUGCCGG,((((((((((((,)))))))))))),-19.3
UGUAAGUGUCUC,GGGGCGCUUAUG,.(((((((((((,))))))))))).,-21.6
GGUUGGUUCUGC,GUGGAGCUGGCC,((((((((((((,)))))))))))),-22.0
GAUCGGGUGAGG,CUUUGUCUGGUC,((((((((((((,)))))))))))),-16.9
CCUGUUGCUGGG,CUUGGUGGUAGG,((((((((((((,)))))))))))),-16.4
CAGGCUGUCCCG,UGGGGUAGCUUG,((((((((((((,)))))))))))),-22.8
GGCUGCGUCCAG,CUGGGCGCGGUU,.(((((((((((,))))))))))).,-27.7
UGCUAUAUUGUC,GAUAGUGUAGCG,.(((((((((((,))))))))))).,-21.6
UUGGUUGGGUGG,CUAUCUGACUGA,((((((((((((,)))))))))))),-18.1
UUAUGGCUCUUU,AAGGAGCUGUAG,.(((((((((((,))))))))))).,-19.7
UGUAUGGUCAAA,UUUGGCCAUGCA,((((((((((((,)))))))))))),-22.5
CAUGCUCGUAGG,CUUGUGAGUGUG,((((((((((((,)))))))))))),-18.2
GUUUUAGAAUUU,GGGUUCUGGAAU,((((((((((((,)))))))))))),-14.7
UGGAGAGUCGCU,GGCGGCUCUUCG,.(((((((((((,))))))))))).,-25.1
UGGACUUGUUUA,UGAACAAGUUUA,((((((((((((,)))))))))))),-18.0
UCUGCAGUCGUA,UGUGGUUGCAGA,((((((((((((,)))))))))))),-16.5
AGUGGGAUUGUG,CGCAAUUUUGUU,...(((((((((,)))))))))...,-14.8
UUAUUUGGUGAG,CUUGUUGAAUAG,.(((((((((((,))))))))))).,-11.3
CAUGGCGGGUGG,CCGUUUGUUGUG,((((((((((((,)))))))))))),-16.2
GGGGUUUGGAGU,GUUCUAAGUCCC,((((((((((((,)))))))))))),-15.4
ACCUUAGUGAGG,UUUCGUUGAGGU,((((((((((((,)))))))))))),-16.9
UUGUGUCUUCGU,GCGGAGGUAUAA,.(((((((((((,))))))))))).,-16.2
GGUGACCAUGUU,GGCAUGGUUGCU,((((((((((((,)))))))))))),-21.2
GCUUGUGCCGCA,UGUGGCGCGAGU,((((((((((((,)))))))))))),-26.4
AUCUGAGUCCUC,GAGGAUUCGGGU,((((((((((((,)))))))))))),-24.6
GGAUGUCGAGUA,UACUUGAUGUCU,((((((((((((,)))))))))))),-20.2
GUCCAUAGUGUU,GACACUAUGGGU,.(((((((((((,))))))))))).,-21.6
UUCUUGCUGUAC,GUAUGGCAAGGG,.(((((((((((,))))))))))).,-21.3
UUUAAAUUCUGU,GCAGGGUUUGGG,.(((((((((((,))))))))))).,-16.2
UAUUUGUUGGGG,UUCUGAUAAGUG,((((((((((((,)))))))))))),-14.2
CGUUGUUCUUUG,CAGGGAGUGAUG,((((((((((((,)))))))))))),-15.0
GUGGUCCACAUG,UGUGUGGGUUAC,((((((((((((,)))))))))))),-18.0
UUUUAUGUUAGC,GUUGGUGUGAGG,.(((((((((((,))))))))))).,-11.9
GAGUGUAGUCGA,UUGGUUACGCUU,((((((((((((,)))))))))))),-16.8
UGUCGUCUUGUG,UACAGGAUGGUG,..((((((((((,))))))))))..,-18.1
GUUGUACGCGAG,UUCGUGUACGAC,((((((((((((,)))))))))))),-23.2
UCGGGAGUGUGU,GCAUGCUCUUGA,((((((((((((,)))))))))))),-20.9
UGUGGUUUUGGG,CUCGGAGCUACA,((((((((((((,)))))))))))),-21.0
CCCAUAUAUUGU,GUGGUAUGUGGG,((((((((((((,)))))))))))),-16.1
UGAUCAUCCCUG,CGGGGAUGAUUG,.(((((((((((,))))))))))).,-25.0
GGGCUCAUCGUU,GACGAUGGGCCU,((((((((((((,)))))))))))),-25.7
UUUCGUUGUGGA,UUCAUAACGGGA,((((((((((((,)))))))))))),-18.6
GAACGGGGUUCC,GGAAUCUUGUUC,((((((((((((,)))))))))))),-23.1
UUUGGUGGGGAG,UUUUCCGCUGGG,.(((((((((((,))))))))))).,-17.2
GGACACGUUGGU,AUCAACGUGUUC,((((((((((((,)))))))))))),-23.0
GGUCGCGUGGGU,ACUUGCGUGGCC,((((((((((((,)))))))))))),-23.8
GUAGUGUUAGUU,GGCUAACGCUGU,.(((((((((((,))))))))))).,-18.9
GCUGUGGUCACU,GGUGGUCACGGU,((((((((((((,)))))))))))),-20.2
GUGUGGGUGGGG,CUUUACUCGUAC,((((((((((((,)))))))))))),-17.4
UCAGUGUAGGUC,GGUCUGUGUUGG,.(((((((((((,))))))))))).,-10.2
UUUUCGUCGAGA,UUUCGAUGAAGA,((((((((((((,)))))))))))),-19.6
AUACGUUUAAAG,CUUUAGGUGUGU,((((((((((((,)))))))))))),-14.7
CUGAUGCUUUUC,GGAGGGCGUUGG,((((((((((((,)))))))))))),-19.4
GGGAACUAGGUA,UGUUUGGUUCUU,.(((((((((((,))))))))))).,-14.7
UGUUGUUGUGAC,GUUACAGUAAUA,((((((((((((,)))))))))))),-16.0
GCUUAGUCAAUU,AGUUGGUUAGGU,((((((((((((,)))))))))))),-15.0
GGGCUUAUGGGG,UCUCGUAGGUUC,((((((((((((,)))))))))))),-19.7
CUGCGGUUGUGU,AUAUGGUUGCGG,((((((((((((,)))))))))))),-14.7
GGUGACGCUCGA,UCGGGUGUUGUC,...(((((((((,)))))))))...,-19.1
GACGGUAUCUCG,CGGGAUACUGUU,((((((((((((,)))))))))))),-23.7
GGUUAGGGUUGG,CUGAUUCUGAUC,((((((((((((,)))))))))))),-18.0
GGAUGUCUGGCU,GGUCAGGUGUCC,((((((((((((,)))))))))))),-19.6
AUUAUGUCUUGG,CUAGGAUAUGGU,((((((((((((,)))))))))))),-18.3
GGGUCUUUCACC,GGUGAAGGGUCU,((((((((((((,)))))))))))),-21.0
UUUUGCGUAUAU,GUAUAUGUAAAA,.(((((((((((,))))))))))).,-16.0
UUAGAAUUUGAC,GUUAGGUUUUGA,((((((((((((,)))))))))))),-15.7
GGUUGACUCUGU,AUAGGGUUAGUU,..((((((((((,))))))))))..,-16.5
CGAGGUCGGCGA,UCGCUGGUCUCG,((((((((((((,)))))))))))),-23.3
GGUGACAGAUCG,UGGUUUGUUACC,((((((((((((,)))))))))))),-21.6
UUCGGAGUGAAG,CUUUAUUUUGAA,.(((((((((((,))))))))))).,-17.6
CUCGGAGCGGGG,UCUCGCUUUGAG,((((((((((((,)))))))))))),-24.0
GGGGUGACGAGG,UUUUGUUGCCUC,((((((((((((,)))))))))))),-19.7
UAGGCUGACGCU,AGUGUCAGCUUA,((((((((((((,)))))))))))),-24.9
UGGAAUUGGGUU,GACCUAGUUCCG,.(((((((((((,))))))))))).,-22.3
CGGUACGUGUAA,UUGUAUGUACUG,((((((((((((,)))))))))))),-16.6
CUUUGGUGAGUG,UGCUUGUUAGAG,((((((((((((,)))))))))))),-12.8
GUGGGUUGUUUU,AAGGUGACUUGU,..((((((((((,))))))))))..,-10.0
UUAGCUUAGUUA,UAGUUAGGCUGG,.(((((((((((,))))))))))).,-15.2
CAGCGUAGGCUG,UGGUUUGUGUUG,((((((((((((,)))))))))))),-15.0
UGUUGUUGAAGG,CUUUCGAUAACG,.(((((((((((,))))))))))).,-19.9
UUCGUCUCGCUG,CGGUGAGGUGGG,.(((((((((((,))))))))))).,-19.7
GAUCUGUUUUGG,CCAGAGUGGGUU,((((((((((((,)))))))))))),-16.3
GUGUUAUCUUAG,UUGGGAUGGCAC,((((((((((((,)))))))))))),-19.3
GUCGUUGGGUUC,GGACCUGACGAC,((((((((((((,)))))))))))),-24.7
GAGUUGUUAUUC,GGAUGGUAGUUC,((((((((((((,)))))))))))),-11.5
UGGGGUGACGGU,GCUGUUACUCCG,.(((((((((((,))))))))))).,-23.4
UAUUAGGCGGGU,AUUUGUCUAAUA,((((((((((((,)))))))))))),-17.2
UGCAUUUGUUAC,GUGACGGGUGCG,.(((((((((((,))))))))))).,-21.6
ACUCGGUAGGGU,AUCUUAUUGGGU,((((((((((((,)))))))))))),-18.7
GGUUUUGUGCCU,GGGCGUGGAGCU,((((((((((((,)))))))))))),-17.4
GCUUUGUCUUGU,ACGGGAUGGGGU,((((((((((((,)))))))))))),-18.0
UGUUCCCAUCAU,AUGAUGGGGAUG,.(((((((((((,))))))))))).,-23.1
GUGUAGUAUCUU,AAGAUGUUACGU,..((((((((((,))))))))))..,-15.0
AUGGGGUUUGGA,UUUAGAUCCCGU,((((((((((((,)))))))))))),-19.5
GGGCAGCAGGCG,UGCCUGUUGUCC,((((((((((((,)))))))))))),-28.1
CGUCCAUAUGUU,GGCAUGUGGGUG,..((((((((((,))))))))))..,-17.9
GUGGGUGUACAG,UUGUAUGCUUGU,..((((((((((,))))))))))..,-16.0
AUUAUUGGUGCU,GGCGUCGGUGAU,((((((((((((,)))))))))))),-15.6
GGCAUUGAUAUG,UGUAUUAGUGCU,((((((((((((,)))))))))))),-18.2
UGUCUGUGCAGA,UCUGUACGGGCG,.(((((((((((,))))))))))).,-24.3
GAUUGUGGGCCG,UGGUUUGCAGUC,((((((((((((,)))))))))))),-20.2
UGGCUUGUGGCU,GGUUAUGGGUCG,.(((((((((((,))))))))))).,-17.6
AGUAUGUUAUCU,GGGUAGUGUACU,((((((((((((,)))))))))))),-14.1
AGGGUCACUGCU,AGCGGUGGCUUU,.(((((((((((,))))))))))).,-23.3
UUCUGUUUUGAU,AUUAAGGCGGGA,((((((((((((,)))))))))))),-16.9
GAAGGAAGUUCU,GGGGUUUCCUUU,((((((((((((,)))))))))))),-16.1
GGGCAAUCUGAU,AUUGGGUUGUUU,.(((((((((((,))))))))))).,-16.5
UGUUUAUGGAUU,AAUCUGUGAAUG,.(((((((((((,))))))))))).,-15.7
GCUUGGGUGUAU,GUACGCUUAAGU,((((((((((((,)))))))))))),-19.7
GCGAUAGCAUUU,AAGUGCUGUCGC,((((((((((((,)))))))))))),-24.3
UUUGUGGAGGGA,UCUCUUUGCGGA,((((((((((((,)))))))))))),-17.8
GGUCAAGCGUGU,GUAUGCUUGGUU,..((((((((((,))))))))))..,-14.9
GCUGAUUGUUCC,GGAAUGAUUAGU,((((((((((((,)))))))))))),-20.6
UGCCGUGCUUCG,UGGGGUAUGGUG,.(((((((((((,))))))))))).,-21.2
UUUGAGGGCAUU,AAUGUUUUCGAG,.(((((((((((,))))))))))).,-17.0
UAGAGUGUUGGC,GUCGGCGCUCUG,((((((((((((,)))))))))))),-23.5
GGUCUGUGUUUU,AAGAUGCGGGCC,((((((((((((,)))))))))))),-20.4
UGUCUGGGCUAC,GUGGCUUGGGCA,((((((((((((,)))))))))))),-22.8
UGUGGUUGGGUU,GGCUCGAUUAUA,((((((((((((,)))))))))))),-16.4
GUUCUCGUUCCU,AGGGGUGAGAAU,((((((((((((,)))))))))))),-19.4
UUGCUAUUUAGG,UCUAAAUGGCGG,.(((((((((((,))))))))))).,-19.5
CGUUGGUGGGGU,GUUCCGCCAAUG,((((((((((((,)))))))))))),-19.3
UUCGAUUUUCGU,AUGAGAAUCGAG,.(((((((((((,))))))))))).,-20.0
UGCACGUUGGUG,CGCUAGUGUGUG,.(((((((((((,))))))))))).,-19.0
CUUUAAGUGUGA,UCGUGUUUGGGG,((((((((((((,)))))))))))),-9.5
UUUGAGGCGACA,UGUUGUUUUAGA,((((((((((((,)))))))))))),-17.3
UCUAGGUGGUAU,GUAUUGUUUGGG,.(((((((((((,))))))))))).,-11.0
UUGAACUGGUAG,UUGCCGGUUUGA,((((((((((((,)))))))))))),-19.1
UGAGAUUUCUGU,GUAGAAGUCUCG,.(((((((((((,))))))))))).,-17.8
UGCUGUGGUACU,GGUGUUGCAGCA,((((((((((((,)))))))))))),-18.2
GAGCACGAAAGU,GUUUUCGUGUUU,((((((((((((,)))))))))))),-16.4
GUGCAGGUUAGU,GCUGGUUUGUGU,..((((((((((,))))))))))..,-13.1
UCUUUGUGGUUU,GGGCCACGGGGA,((((((((((((,)))))))))))),-19.8
CAGCUGAGUUUG,UAGGUUUAGCUG,((((((((((((,)))))))))))),-16.7
GGAAAGUCGGGC,GCUCGACUUUUC,((((((((((((,)))))))))))),-24.8
UGCUUGUAUCUU,GAGGUAUAAGUG,.(((((((((((,))))))))))).,-18.1
GUUUUGGAGUCC,GGAUUUCGAGAC,((((((((((((,)))))))))))),-21.4
UACUGUAGGUAG,UUGCCUAUGGUA,((((((((((((,)))))))))))),-20.3
GGUCGAUAUAGU,AUUGUGUCGGCU,((((((((((((,)))))))))))),-20.4
GUUCCGUGAAGA,UCUUUGUGGGAU,((((((((((((,)))))))))))),-16.5
UCGGUUGGUUGG,UCGGCUAGCUGG,.(((((((((((,))))))))))).,-20.4
AACAGGUCUGUC,GACGGGUUUGUU,((((((((((((,)))))))))))),-18.2
UGGCGGGUGGGG,CUCUAUUUGCUG,.(((((((((((,))))))))))).,-20.5
GUAGUGCGUGGA,UUCAUGCGUUGC,((((((((((((,)))))))))))),-18.3
UUUGGACUGGGA,UUUCGGUUCGGG,.(((((((((((,))))))))))).,-17.2
GUAAGUAUCAGG,CUUGGUAUUUGU,.(((((((((((,))))))))))).,-17.2
GUGUUCUGAGGU,ACCUUAGGGUGC,((((((((((((,)))))))))))),-18.1
AUUGGUUUGGGG,UCUCGGGUUAAU,((((((((((((,)))))))))))),-12.5
UCUGUGUGGUUG,CAACCGUACGGG,.(((((((((((,))))))))))).,-21.0
AGCGGAGCUCGU,GCGGGUUCCGUU,.(((((((((((,))))))))))).,-24.7
CCAUAUGUGUGU,GUGCAUGUAUGG,((((((((((((,)))))))))))),-15.6
UUUAUCGUGUCG,CGGCGCGGUGAG,.(((((((((((,))))))))))).,-22.6
UCUUUAUAGAUU,GAUUUGUAGGGA,((((((((((((,)))))))))))),-15.4
UUAGUAUCAGGG,UUUUGGUAUUAA,.(((((((((((,))))))))))).,-15.0
GGGGCGUAUGUG,CGCGUAUGUCUU,.(((((((((((,))))))))))).,-21.3
UUGUUCGGGUUG,UAGCUUGGGCGG,.(((((((((((,))))))))))).,-17.8
GCUCAUUUGCGU,ACGCGAAUGGGU,((((((((((((,)))))))))))),-23.6
ACGGGUCCUACG,CGUGGGGUUUGU,((((((((((((,)))))))))))),-19.5
UCUGCGGCUCGC,GUGGGCUGCAGG,.(((((((((((,))))))))))).,-27.6
UUUUAUCAAUGC,GUGUUGGUAGGA,((((((((((((,)))))))))))),-16.8
GUAGAGGCUUCG,UGAAGCUUUUGC,((((((((((((,)))))))))))),-21.6
UGUUUCAGAGCG,UGUUUUGGGAUA,((((((((((((,)))))))))))),-17.0
AUUGGUAUGUUG,UAGCGUACUAGU,((((((((((((,)))))))))))),-18.3
AGGGCUUUUGUA,UGUAGGGGUUUU,.(((((((((((,))))))))))).,-11.1
AGUUUAAGGUAG,UUACCUUGGAUU,.(((((((((((,))))))))))).,-18.1
CCCGGGGCUUAU,GUAGGUCUUGGG,((((((((((((,)))))))))))),-22.3
CGACGUCUUUGC,GCGGAGAUGUUG,((((((((((((,)))))))))))),-22.9
UGUGCGUUGUUU,GAGCGACGUAUG,.(((((((((((,))))))))))).,-19.2
UUUCUAGACCUU,AGGGUUUGGGGA,((((((((((((,)))))))))))),-19.2
GGAUUUGGCUUA,UGAGCCGGGUCU,((((((((((((,)))))))))))),-21.9
GGCUGGUGUUUG,UGAAUGUCGGCU,((((((((((((,)))))))))))),-15.0
UUGACGGCGGUU,AACCGUUGUUGG,..((((((((((,))))))))))..,-20.2
GUGGUGGAUUGG,CCGGUCCACCGU,..((((((((((,))))))))))..,-25.6
GGGGCGCGUGAU,GUUACGUGCUUU,.(((((((((((,))))))))))).,-20.7
UUAGAAGUGGGG,CUCUGUUUCUGA,((((((((((((,)))))))))))),-16.1
GGGCUGGUGUGG,UUGUAUUAGUCC,((((((((((((,)))))))))))),-15.5
AGUGAAGCGCUC,GGGUGUUUUAUU,.(((((((((((,))))))))))).,-19.5
UCAUGGCUAGCU,AGUUGGUUGUGG,.(((((((((((,))))))))))).,-19.2
UGCUAUUUGAAU,AUUCGAGUGGUG,.(((((((((((,))))))))))).,-18.2
GUUUCGCGUGUC,GACAUGCGGGAU,((((((((((((,)))))))))))),-23.6
UUUAUGUGGAUG,UAUUCGCGUAGG,.(((((((((((,))))))))))).,-17.3
UGUGCAUACUGU,AUGGUGUGUAUG,.(((((((((((,))))))))))).,-18.3
GGUAGAGUAAUG,UAUUGCUCUGUU,..((((((((((,))))))))))..,-17.5
GGUUUGGGGAUG,UGUUCUCGGGCU,((((((((((((,)))))))))))),-17.3
GUGAAGCAUUGG,CUAAUGCUUCGU,..((((((((((,))))))))))..,-21.7
UUUGCGUGCGUG,CAUGCAUGUAGA,((((((((((((,)))))))))))),-22.3
UUUUAUUCGGCC,GGCUGGAUGGAA,.(((((((((((,))))))))))).,-21.5
UUAGGUCGCUUU,GGGGUGGUCUGG,.(((((((((((,))))))))))).,-14.6
AGAUAGUGGGGU,ACCUCGUUGUUU,.(((((((((((,))))))))))).,-16.9
AGGGUCGUUAGG,UCUAGCGAUUCU,((((((((((((,)))))))))))),-21.1
GUUGCCUUAUUA,UGAUAGGGUAGU,.(((((((((((,))))))))))).,-17.9
UGCUAUGUCUGG,CUAGGCGUAGUG,.(((((((((((,))))))))))).,-22.4
UGGGAUGGUUGU,GCGACCGUCCCG,.(((((((((((,))))))))))).,-26.3
GUGGGGCUGUAG,CUAUGGUUCUAU,((((((((((((,)))))))))))),-19.3
UGUAUGUUUAGC,GUUAAAUAUACG,.(((((((((((,))))))))))).,-18.8
UUGGGGACUCGA,UUGGGUCUCUAG,.(((((((((((,))))))))))).,-21.1
GAGAUUUUCGGC,GCUGAAGGUUUC,((((((((((((,)))))))))))),-21.1
UGGUAACUGAUA,UAUUGGUUGUCG,.(((((((((((,))))))))))).,-14.3
AUUGUGCUGGUG,UGCUGGCGCGAU,((((((((((((,)))))))))))),-20.0
AGUAAGUAAUGG,UUGUUGUUUAUU,.(((((((((((,))))))))))).,-9.9
GCGGAAUUUUGC,GUAAAAUUCCGU,((((((((((((,)))))))))))),-22.4
UGCCAUGGGUAU,GUAUUUAUGGCG,.(((((((((((,))))))))))).,-19.8
GAUUGAUCAGGG,UUUUGGUUGAUU,((((((((((((,)))))))))))),-14.1
UGAUUGUCGCUU,GAGUGGCAAUCA,((((((((((((,)))))))))))),-21.7
UGAAGGUGUACU,AGUACGUCUUCA,((((((((((((,)))))))))))),-19.6
GGUCGUCAGUCU,GGGUUGAUGGUC,((((((((((((,)))))))))))),-14.2
UGAAUUGGCCUG,CAGGUUGGUUCG,.(((((((((((,))))))))))).,-21.1
CUUCGGGAUUUU,AGGAUUCUGAGG,((((((((((((,)))))))))))),-18.1
AUUGAGGUGGUG,UACCACUUUAGU,((((((((((((,)))))))))))),-20.6
UUUGAAUGAUCG,UGAUUGUUCGGG,.(((((((((((,))))))))))).,-16.3
UGUUACUUGUUG,UAACGAGUAAUG,.(((((((((((,))))))))))).,-18.3
GUUUGUGGACUG,UGGUCCAUGAAU,((((((((((((,)))))))))))),-19.3
AAGCUUCUCUCU,GGGGAGGGGUUU,((((((((((((,)))))))))))),-20.1
UGGAUCUGGGGU,ACUUCAGGUUCA,((((((((((((,)))))))))))),-21.0
CCCGAGUGCGCU,GGCGUGUUUGGG,((((((((((((,)))))))))))),-21.0
CUUGGGUCACGC,GUGUGGUUUAGG,((((((((((((,)))))))))))),-17.2
UGUUAAGAUGGA,UCCAUCUUAGUG,..((((((((((,))))))))))..,-19.3
GGAGGUUCGUUA,UGGCGGGUUUCU,((((((((((((,)))))))))))),-15.2
CGUUGGGGAGGU,AUCUCUCUGGCG,((((((((((((,)))))))))))),-21.4
GCUUGUGAGGCC,GGUCUUGUGAGC,((((((((((((,)))))))))))),-19.7
GGCGGUAAAGGU,ACCUUUAUCGUC,((((((((((((,)))))))))))),-23.2
GUUAUUAGGCUC,GAGUCUGAUAGC,((((((((((((,)))))))))))),-22.5
AAAUGAGUGAUG,CGUCGUUCAUUU,((((((((((((,)))))))))))),-17.0
UAUUGUCGAAUC,GGUUUGAUGAUA,((((((((((((,)))))))))))),-17.3
UAGGGGUGUAAG,UUUACAUUCCUG,((((((((((((,)))))))))))),-19.7
GCUCUUGGUUUU,GGGGCCAAGAGU,((((((((((((,)))))))))))),-21.2
UAGGUCUUGGUA,UAUCAGGGUCUG,((((((((((((,)))))))))))),-16.3
UCAACUACUUUG,UGGAGUAGUUGG,.(((((((((((,))))))))))).,-19.2
GUGGUUGGCGUG,UGCGUUAGCUGU,..((((((((((,))))))))))..,-17.4
ACUGUAGUUUAC,GUGAGUUGUGGU,((((((((((((,)))))))))))),-11.7
AGUAAUUGAGUG,CGUUUGAUUGUU,..((((((((((,))))))))))..,-10.3
GAGUGAUAAUGU,AUGUUGUUACUC,((((((((((((,)))))))))))),-18.0
GUAUAUGUGGAG,UUUUGUAUAUGC,((((((((((((,)))))))))))),-12.1
UGGGUACUGUCC,GGAUAGUGUUCG,.(((((((((((,))))))))))).,-19.7
AUGAGCGAGUGU,AUGUUCGCUUAU,((((((((((((,)))))))))))),-16.8
GUGCGCAUGUGA,UUGUGUGCGUGU,..((((((((((,))))))))))..,-14.5
AAGUGGGGUCUU,AGGACCCUGUUU,....((((((((,))))))))....,-19.5
AGAAUGGGUCGG,UCGGUUCAUUUU,.(((((((((((,))))))))))).,-15.0
GGGUUUUAUGGU,GCCGUGGGGUCU,((((((((((((,)))))))))))),-15.2
GCUGCUUCUUUG,UAGGGGAGCGGC,((((((((((((,)))))))))))),-22.7
UGGGUAGUUGGU,GUUAGCUAUUUA,((((((((((((,)))))))))))),-11.9
CUGAGUGGGUCG,CGGCCUGCUUAG,((((((((((((,)))))))))))),-24.7
GGGUGCGGAGCA,UGCUCCGUAUUU,.(((((((((((,))))))))))).,-24.3
UUUACUAUUCGG,UUGAGUGGUAAA,.(((((((((((,))))))))))).,-17.6
UUGGAAUCGGGC,GUCCGAUUCCGG,.(((((((((((,))))))))))).,-25.8
CGAAGAUUUUGG,CCGGGAUCUUUG,((((((((((((,)))))))))))),-20.4
UUGUUUGUGCGG,UUGUAUGAACGG,.(((((((((((,))))))))))).,-16.1
UAGUAAAGCGGU,AUUGCUUUACUG,((((((((((((,)))))))))))),-19.9
UGGUGUGUCCUU,GAGGAUGCGCUG,.(((((((((((,))))))))))).,-21.3
GGUGUGGUAGGA,UUUUGUUGUGCU,((((((((((((,)))))))))))),-7.8
UUGUAGUCUUUG,CGGAGGCUAUAG,.(((((((((((,))))))))))).,-19.8
UUAGUGUGGAGU,AUUCUACAUUGA,((((((((((((,)))))))))))),-18.8
ACGAGUGUUGUU,GACAGCGUUCGU,((((((((((((,)))))))))))),-18.2
UGUAAUCUCGGA,UCUGGGGUUGCG,.(((((((((((,))))))))))).,-21.3
GUUGAGUUGAUA,UAUCGGUUUGAC,((((((((((((,)))))))))))),-13.5
CGGAGAGGGUGA,UUGUUCUCUCCG,((((((((((((,)))))))))))),-19.4
UUAGGUGGUGAC,GUCGCCGUUUAG,.(((((((((((,))))))))))).,-18.9
UUUCGAGUGGUG,UGUCGUUCGAAA,.(((((((((((,))))))))))).,-12.5
GGUUGAGUUUUG,UAGGGUUUAACU,((((((((((((,)))))))))))),-12.2
CGUUUAUUUGGC,GUCAGGUAAGCG,((((((((((((,)))))))))))),-20.4
CCGGACUUGAGG,CUUCAGGUCUGG,((((((((((((,)))))))))))),-25.5
GGGCGUCUUAAA,UUUAAGACGUUU,.(((((((((((,))))))))))).,-19.3
UCAUUAUUCUAG,CUGGGGUAGUGA,((((((((((((,)))))))))))),-20.1
UUUCGAUGGCGG,CCGUCGUUGAAG,.(((((((((((,))))))))))).,-23.2
GCGGAGGACAGC,GUUGUCUUCUGU,((((((((((((,)))))))))))),-24.5
UGUCUCUGAGUU,GGUUCGGAGACG,.(((((((((((,))))))))))).,-18.6
UUGGGCGUCGGA,UUUGAUGUUCGA,((((((((((((,)))))))))))),-18.1
UUGUAUCUUUUG,UGAGGGAUAUGA,((((((((((((,)))))))))))),-14.2
GUGUCGGUCUAU,GUGGGUCGGUGC,((((((((((((,)))))))))))),-13.3
ACUCUAUGGGCG,CGUCUAUGGAGU,((((((((((((,)))))))))))),-24.1
UUGGAGACUAUU,AAUGGUUUUCGA,((((((((((((,)))))))))))),-17.4
UUUUAUGCAUUG,UAGUGUAUAAGA,((((((((((((,)))))))))))),-16.6
AAAUUGCUGCGU,AUGUGGUAAUUU,((((((((((((,)))))))))))),-17.1
CAGGCUGAAGGU,ACUUUUGGCCUG,((((((((((((,)))))))))))),-23.0
UCGGGCCAGUGG,UUACUGGUUCGG,.(((((((((((,))))))))))).,-22.9
GAUGUGGAAGUU,AGCUUCUAUAUU,((((((((((((,)))))))))))),-19.1
UCGCUUCAGGGC,GUUUUGAGGUGA,((((((((((((,)))))))))))),-21.2
GCUACUCUGGUG,CAUCAGAGUGGC,((((((((((((,)))))))))))),-26.6
UUUGUGUCUGUU,GACGGACGCGGG,.(((((((((((,))))))))))).,-20.2
UGGGAUUGAAUG,UAUUUGGUUUUA,((((((((((((,)))))))))))),-12.0
GACAGUUUCUAU,GUAGAGGUUGUU,((((((((((((,)))))))))))),-15.0
GCCUUUUAAACU,GGUUUGAGAGGU,((((((((((((,)))))))))))),-20.0
AAACCCGGCUGA,UCGGUUGGGUUU,((((((((((((,)))))))))))),-23.4
UGGCGCUGCCUA,UGGGUAGUGCCA,((((((((((((,)))))))))))),-27.2
UGCGUUUCAGGC,GUUUGGAGUGCG,.(((((((((((,))))))))))).,-18.2
UGGUGUGUACGG,UCGUGUGCGUCA,((((((((((((,)))))))))))),-14.5
UGUGGGAAGCUU,GGGUUUUCUAUG,.(((((((((((,))))))))))).,-16.5
UAUGGACGUUCC,GGGGCGUCUAUA,((((((((((((,)))))))))))),-23.9
UAUUAAUUUAGU,AUUGAGUUGGUA,((((((((((((,)))))))))))),-14.1
GGGAGAUGUUAU,GUGGCGUUUCUU,.(((((((((((,))))))))))).,-17.1
UUACGGUGGGAC,GUUCUACCGUAG,.(((((((((((,))))))))))).,-24.1
AUCGUUGUCGGU,GCUGGCAGUGAU,((((((((((((,)))))))))))),-18.1
UAUUUGGUCUUU,AAGGGCCAGGUA,((((((((((((,)))))))))))),-19.5
UGUUCGGGCGGA,UUCGUCCGGAUG,.(((((((((((,))))))))))).,-22.4
ACUGAUUGUAUG,UAUGUGGUCAGU,((((((((((((,)))))))))))),-15.0
ACUCGUGAUGGG,CUUAUUGUGGGU,((((((((((((,)))))))))))),-15.3
CUGGUUUGGGUU,GGCUCGGACUAG,((((((((((((,)))))))))))),-19.5
CGUGUUGCGGUA,UAUCGUAGCAUG,((((((((((((,)))))))))))),-21.1
UUUUGUCUGCCA,UGGCAGGUGGGG,.....(((((((,))))))).....,-17.6
UUAAUCCUAUUG,UGAUGGGGUUGA,((((((((((((,)))))))))))),-17.4
GUCAGUGUUGUA,UGUGAUACUGAU,((((((((((((,)))))))))))),-15.8
AUGUGGAUUUGU,GCGAGUCCGUAU,((((((((((((,)))))))))))),-16.9
GAGGUUGGUGAG,CUCGCUGGCUUC,((((((((((((,)))))))))))),-22.5
UGUUCGGUGUGA,UUACACUGAGCA,((((((((((((,)))))))))))),-22.4
UUUAUGCUUGUA,UAUGAGUGUGAA,.(((((((((((,))))))))))).,-15.2
GGGUAUUAGGUG,CAUCUAGUGUCU,((((((((((((,)))))))))))),-17.4
AAGGCGGAAUUC,GAGUUCUGUCUU,((((((((((((,)))))))))))),-21.8
UAGCCCUAGAUU,AGUUUGGGGUUG,((((((((((((,)))))))))))),-20.4
CGGUUUUGAUUG,UGGUCGGAAUUG,((((((((((((,)))))))))))),-14.7
UGUGGCCUUUUA,UAGAAGGCUGUA,...(((((((((,)))))))))...,-18.3
GUCGAUAGAUGA,UCGUUUGUUGAU,((((((((((((,)))))))))))),-18.5
UUCGGUCUGGUU,AGUUGGAUCGAA,.(((((((((((,))))))))))).,-15.4
UGGCUGAUACGC,GUGUAUUGGCCG,.(((((((((((,))))))))))).,-23.9
UGCUUGGAUGGU,AUUGUUCGAGCA,((((((((((((,)))))))))))),-18.8
UUAGGAUAGGGG,CCUUUGUCCUAG,.(((((((((((,))))))))))).,-22.7
GGAAUCUUUAUU,GGUAGGGAUUCC,((((((((((((,)))))))))))),-18.8
CGUUGAAUUAAG,CUUAGUUUGGUG,....((((((((,))))))))....,-13.0
GGUGUUCUUUUG,CGAAAGGGCAUC,((((((((((((,)))))))))))),-20.3
GUAACGUCUGUG,UAUGGGCGUUGC,((((((((((((,)))))))))))),-20.5
GUAUUGCUUGGU,GUUGGGCAGUAC,((((((((((((,)))))))))))),-14.8
GGGAGUCCACUU,GGGUGGAUUUCU,((((((((((((,)))))))))))),-21.3
GAUUGCUGGGUC,GAUUUAGUAGUU,((((((((((((,)))))))))))),-18.3
UCCUAUUUGCUU,AAGCAGGUGGGA,((((((((((((,)))))))))))),-22.5
GGUGAGGUUUGU,ACAAAUCUCGCU,((((((((((((,)))))))))))),-22.2
AUAUAAUUGAUU,GAUUGGUUAUAU,((((((((((((,)))))))))))),-12.8
GGUGUGGUUAGU,GCUAGCUACGCC,((((((((((((,)))))))))))),-23.8
GUUCUGGUAGGG,UCCUGCUAGGAU,((((((((((((,)))))))))))),-22.6
CUACGUUAUGUG,CGCGUAGUGUGG,((((((((((((,)))))))))))),-18.2
GCGGGUUUCUGC,GCAGGGGUUUGU,((((((((((((,)))))))))))),-17.3
CGGUUAAUAUUG,UAGUGUUAGUCG,((((((((((((,)))))))))))),-14.1
ACGUAGUCUUUG,CGGGGAUUGCGU,((((((((((((,)))))))))))),-20.7
GGGGAUUGGCGC,GCGUUAAUCCUC,((((((((((((,)))))))))))),-25.2
UGCAGUGGGCGG,UUGUUUGUUGUA,((((((((((((,)))))))))))),-12.8
CCGGCGCGGUAC,GUGCCGUGCUGG,((((((((((((,)))))))))))),-29.6
UUUCUUAAUGGG,UCCGUUAGGAGA,((((((((((((,)))))))))))),-19.6
UUAAGUUAGACU,GGUCUAAUUUAG,.(((((((((((,))))))))))).,-18.0
CAGUCAGGGGAG,UUUUCCUGAUUG,((((((((((((,)))))))))))),-21.2
AUGCGUCUGUGU,GUGUGGAUGUAU,((((((((((((,)))))))))))),-10.5
CUCCUUGAUUGG,UUGAUUAAGGAG,((((((((((((,)))))))))))),-19.0
CUUCAGAUCAUG,CGUGGUUUGAAG,((((((((((((,)))))))))))),-21.4
UGUUGCUGGUGU,AUAUCAGUGGUA,....((((((((,))))))))....,-15.5
AUUUAGGCACCG,CGGUGUUUGGAU,((((((((((((,)))))))))))),-21.2
AGUUUUAGUCUG,UAGAUUGGGGCU,((((((((((((,)))))))))))),-17.4
GCGUUUGGUCGU,GUGAUUGAGCGC,((((((((((((,)))))))))))),-16.6
UGAACAGACUUA,UGAGUUUGUUCG,.(((((((((((,))))))))))).,-20.6
CGUUCGCGGAUA,UGUUUGCGAAUG,((((((((((((,)))))))))))),-20.5
CUGUCGUGACCU,AGGUCGUGGUAG,((((((((((((,)))))))))))),-18.0
AUAGGCAUAAGA,UCUUGUGUUUGU,((((((((((((,)))))))))))),-18.4
UACUAUUGUCUG,CGGAUGAUGGUA,((((((((((((,)))))))))))),-19.7
AUAUAGAAGCGC,GUGCUUUUGUGU,((((((((((((,)))))))))))),-20.6
GCAUUGGAUGGG,UUCAUCUAAUGU,((((((((((((,)))))))))))),-20.1
GUUUCGAAAGAG,UUCUUUUGGAAU,((((((((((((,)))))))))))),-17.5
UCUACGGUACGA,UCGUGCCGUGGG,.(((((((((((,))))))))))).,-26.0
CACUCGUAGGGC,GUUUUGUGGGUG,((((((((((((,)))))))))))),-17.2
CUAGUAUGAGUG,CACUCGUGCUGG,((((((((((((,)))))))))))),-24.5
UAUGCUUCUGGG,UUUAGGGGCGUA,((((((((((((,)))))))))))),-18.5
GAGAUGGCUGGG,UCUAGUUGUUUU,((((((((((((,)))))))))))),-16.8
AUGGUCACACGU,GCGUGUGGCCAU,((((((((((((,)))))))))))),-25.8
UUGUUCGCUUGG,CCGAGUGAGUGA,...(((((((((,)))))))))...,-19.3
UACUUUCGUGGG,CUCACGAGAGUG,((((((((((((,)))))))))))),-23.6
AUGUGGUAUUCU,GGAAUACCAUGU,((((((((((((,)))))))))))),-19.7
GGGCUUCUACUU,GAGUAGGAGUUC,((((((((((((,)))))))))))),-20.7
GCGGAUGGGGUG,CAUUCUAUUCGC,((((((((((((,)))))))))))),-22.5
UGAGAUUGUCCA,UGGGUAAUUUUG,.(((((((((((,))))))))))).,-15.1
GUCUGUAUGAGU,GUUUGUGCAGGU,.(((((((((((,))))))))))).,-13.3
GUCGACGCAGUG,UGUUGCGUCGGU,.(((((((((((,))))))))))).,-18.8
AGUUGGUCGUAG,UUACGGUCAACU,((((((((((((,)))))))))))),-18.3
CGUCUACGGGAG,CUCUCGUGGAUG,((((((((((((,)))))))))))),-25.2
UCGGGUAGGACG,UGUUUUACUCGG,.(((((((((((,))))))))))).,-20.3
GGUUCUGUGUGA,UCGUGCGGGAUU,.(((((((((((,))))))))))).,-15.6
GAGGCCUGUUUU,GGGAUAGGUUUU,((((((((((((,)))))))))))),-16.8
UCAAUUACCUAU,GUGGGUGGUUGA,((((((((((((,)))))))))))),-20.1
AUCGUAGGUGGG,UCCAUUUGUGAU,((((((((((((,)))))))))))),-16.8
UGUUUGGCGAAG,UUUCGUCAGGUG,..((((((((((,))))))))))..,-16.9
UUGGGCUAUUUG,CAGAUGGUCUGA,((((((((((((,)))))))))))),-19.0
UAUGGGUGCUUG,UAAGCGUUUAUG,((((((((((((,)))))))))))),-14.4
GGCGGUUAGAAU,GUUUUAGCCGUU,.(((((((((((,))))))))))).,-19.3
GUGUUCCUGUUA,UGGCGGGGACAU,((((((((((((,)))))))))))),-21.8
UAGUUACGUGUC,GAUAUGUGGUUG,...(((((((((,)))))))))...,-15.5
AUGUAGUUGCUA,UAGUAAUUGCGU,((((((((((((,)))))))))))),-18.6
AGAGACUGGGUC,GGUUCGGUCUCU,((((((((((((,)))))))))))),-20.5
ACGGAAGGGUGU,GCGCCCUUUCGU,((((((((((((,)))))))))))),-25.2
CUUGGUGCCCAG,CUGGGUACUGGG,((((((((((((,)))))))))))),-25.1
GUUCGAGUUUGC,GCAGACUUGGGU,.(((((((((((,))))))))))).,-20.6
UUGUAUGGGGUC,GAUUCCGUGCAA,.(((((((((((,))))))))))).,-22.1
UUUGAGUUUCUU,GAGGGGUUCAAG,.(((((((((((,))))))))))).,-13.4
GUUUCGUUCUUA,UGGGAAUGAAAC,((((((((((((,)))))))))))),-19.1
GACGGACUCAGU,GCUGGGUUCGUC,((((((((((((,)))))))))))),-24.6
UUUUAGUAUCUG,UAGGUAUUGAGA,((((((((((((,)))))))))))),-16.3
UUAUCUUUCCAG,CUGGAAAGGUAG,.(((((((((((,))))))))))).,-22.7
AAGCUUGACCGG,UUGGUUAAGUUU,((((((((((((,)))))))))))),-19.5
GUGUGUCGCGAU,GUUGCGAUAUGC,((((((((((((,)))))))))))),-20.6
GCUAAGUGUCAG,UUGGUGUUUGGC,((((((((((((,)))))))))))),-12.6
UGGCCUCGCAUG,CAUGUGAGGUUA,((((((((((((,)))))))))))),-24.7
GUGCGAUGACUU,GAGUUGUUGUGU,..((((((((((,))))))))))..,-15.8
UGGGUGUUUUGA,UCGAGGUGUUCG,.(((((((((((,))))))))))).,-9.8
GCAUCGGGUACU,GGUAUCCGGUGU,((((((((((((,)))))))))))),-23.5
GACGUGGAUCGG,CUGGUUCGCGUC,((((((((((((,)))))))))))),-24.3
GGCCUAGCAGCG,UGCUGUUGGGUU,.(((((((((((,))))))))))).,-24.5
GCAUUGGUAUUU,GGGUGUCAAUGU,((((((((((((,)))))))))))),-14.1
AUUGAUUCGGCU,GGUCGAGUUGGU,((((((((((((,)))))))))))),-17.6
AUGUCGGUUGCG,CGUAACUGGUGU,...(((((((((,)))))))))...,-18.3
UGGUGCGUCAGU,AUUGGUGUGCCG,.(((((((((((,))))))))))).,-18.4
GCUCGGUGGCUG,UAGUCACUGGGU,((((((((((((,)))))))))))),-23.8
GCCUGGUGGGUU,GGUCCGUUAGGC,((((((((((((,)))))))))))),-16.7
UCGCAUCAUGGG,UCCAUGGUGUGG,.(((((((((((,))))))))))).,-23.8
UUUCGUUGGUCC,GGACUGACGGGG,.(((((((((((,))))))))))).,-22.2
UGGGUGCUGGGU,GCCCAGCACUUG,.(((((((((((,))))))))))).,-26.2
GUAGGGUGGUUG,CGAUUAUUCUGC,((((((((((((,)))))))))))),-18.8
GCUUCGCUGACU,GGUUGGUGGAGU,((((((((((((,)))))))))))),-20.5
UGGGUUGCGUUC,GAAUGCGAUUUG,.(((((((((((,))))))))))).,-19.0
UUGACCGUCGCU,GGCGGUGGUCGA,((((((((((((,)))))))))))),-21.9
GUAGAGGUGUGU,GCACACUUCUGU,.(((((((((((,))))))))))).,-21.7
CGUGUGUGGCCU,AGGUCGCGCGUG,...(((((((((,)))))))))...,-21.9
GGGUGUAGUGCG,UGUACUGUGUUC,.....(((((((,))))))).....,-13.6
UGGUUGACGUGG,UUACGUCGAUCA,((((((((((((,)))))))))))),-21.2
GCGUUCAGAUAG,UUGUCUGGAUGC,((((((((((((,)))))))))))),-21.9
UGGCGAGAGGUU,AACCUUUUGUCA,((((((((((((,)))))))))))),-21.9
AGGGUGGCGUUG,UAGCGUCAUCCU,((((((((((((,)))))))))))),-23.7
CGCCGUCGGUGG,UCACUGGCGGUG,((((((((((((,)))))))))))),-26.2
GUAUAAUAGGGA,UUCCUGUUGUAC,((((((((((((,)))))))))))),-20.4
UGGCAUAGCUUC,GGAGUUAUGUUA,((((((((((((,)))))))))))),-20.1
GGAGGAUUGUAA,UUAUGAUCUUUC,((((((((((((,)))))))))))),-16.6
GUUGCCUGGGUC,GGCUUAGGUGAC,((((((((((((,)))))))))))),-22.8
UCAGCUUUCAGC,GUUGGAGGUUGA,((((((((((((,)))))))))))),-21.9
AGUGUUCCUGAU,GUUAGGGGUGCU,((((((((((((,)))))))))))),-15.9
UUGAGCAGUUUU,GAAGUUGCUUAG,.(((((((((((,))))))))))).,-14.8
CUUGUGGUUGUU,AGUGGCUACGAG,((((((((((((,)))))))))))),-15.3
CUUUGCCUAAUC,GGUUAGGUAGAG,((((((((((((,)))))))))))),-22.1
AGGCGAGGAUUA,UAAUCUUUGUUU,.(((((((((((,))))))))))).,-17.3
GCAGCAGGGGUG,CGCCCUUGCUGU,((((((((((((,)))))))))))),-29.1
GUGUGAUGUGGC,GUUGUAUCAUAC,((((((((((((,)))))))))))),-16.7
CGGGGUCUAUAU,GUAUGGGUUUUG,((((((((((((,)))))))))))),-12.3
GAGAUUAUUUUG,UGAGGUGAUCUC,((((((((((((,)))))))))))),-17.1
UGUACCGGUCUU,AGGACUGGUGUG,..((((((((((,))))))))))..,-20.6
AUCGGGCUCGCG,UGUGAGUUUGGU,((((((((((((,)))))))))))),-20.4
UGCAGUCUGUGA,UCGUGGACUGUG,.(((((((((((,))))))))))).,-18.9
AUCUUUGGAUUU,AAAUCUGGAGGU,((((((((((((,)))))))))))),-16.6
UUUAGUUCUAUG,CGUAGGGCUGGG,.(((((((((((,))))))))))).,-19.0
GCGCAUCGAUGA,UCGUCGGUGUGU,((((((((((((,)))))))))))),-23.9
UGCUGUUGUUUG,UAAGCAGCAGCA,((((((((((((,)))))))))))),-22.7
UGGUGACUAGGU,GCCUGGUUACUA,((((((((((((,)))))))))))),-22.6
GGUUGCAAAUCU,GGAUUUGUGGCU,((((((((((((,)))))))))))),-18.6
GCGCGGUUGGUC,GAUCAGUCGUGU,((((((((((((,)))))))))))),-20.6
UGGUGUACAAUU,GGUUGUACGUUA,....((((((((,))))))))....,-14.4
UUGGGAGGAGUG,UACUUUUCUCGA,((((((((((((,)))))))))))),-19.2
UGAGCUCGUGGC,GCUGCGGGCUCG,.(((((((((((,))))))))))).,-27.2
UUGGGUUUGAGG,UCUUGGACUUGA,((((((((((((,)))))))))))),-15.0
UUGUGAUGGAGU,ACUCUGUUGUGG,....((((((((,))))))))....,-14.7
ACUAGGGUCGUU,AGUGAUUCUAGU,((((((((((((,)))))))))))),-16.9
AUGGUGUAUCUG,UGGAUGCGCUAU,((((((((((((,)))))))))))),-19.7
AUAGGUCGCGGG,UUCGUGGCUUGU,((((((((((((,)))))))))))),-20.2
UUUCUUGGUUAG,UUAAUCAGGAGG,.(((((((((((,))))))))))).,-17.3
UUGUCUGCGCAU,GUGUGUGGAUAG,.(((((((((((,))))))))))).,-19.3
CGUAGGGACUGU,GCGGUCUUUGUG,..((((((((((,))))))))))..,-17.2
AUGUGGGGCUUG,CAGGCCUCGUAU,((((((((((((,)))))))))))),-21.0
GACCUCAGCGUU,GGUGCUGGGGUC,((((((((((((,)))))))))))),-22.0
GGUGGGUAGGAG,CUCUUGUCUAUU,.(((((((((((,))))))))))).,-17.3
AUCGGUGUUUUC,GAAGGUGCUGAU,((((((((((((,)))))))))))),-15.9
GGUGUUUGCGUU,GGCGCAGACGCU,((((((((((((,)))))))))))),-22.8
UCCCACAGUGCG,UGCGUUGUGGGA,((((((((((((,)))))))))))),-23.7
GGUGGCUGACGA,UUGUCAGUCAUC,((((((((((((,)))))))))))),-23.5
UUGGAAUGAUCU,AGGUCAUUUUAA,.(((((((((((,))))))))))).,-18.0
AAAGGUAUGGGG,UUUCGUAUCUUU,((((((((((((,)))))))))))),-16.2
UGAAGGUUAGUG,UGCUGGUCUUCA,((((((((((((,)))))))))))),-16.3
UGGUUUGUUCUG,CGGGACAGGUUG,...(((((((((,)))))))))...,-16.0
UUGUUGCGCUGA,UUGGCGUGAUGG,..((((((((((,))))))))))..,-17.1
UACUAGUUGUGC,GCGCGGUUAGUG,((((((((((((,)))))))))))),-18.7
GUAGUGUUCCAG,UUGGAGCAUUGU,.(((((((((((,))))))))))).,-20.0
AGCUAGAUGUGG,UCGUGUCUGGCU,((((((((((((,)))))))))))),-18.6
AGUGUUGCGUCC,GGACGCAGCGCU,((((((((((((,)))))))))))),-28.5
AAUGGUGUUCUU,AGGGAUAUUGUU,((((((((((((,)))))))))))),-14.5
GUGUACCUUAGA,UUUAGGGUGUAU,((((((((((((,)))))))))))),-16.0
UGGUGCCUAGUA,UGUUGGGCACUG,.(((((((((((,))))))))))).,-19.8
GCUAUUGUUGUG,CGCAGCGGUGGC,((((((((((((,)))))))))))),-23.1
CUACUGUCUUUA,UAGGGGUGGUGG,((((((((((((,)))))))))))),-14.8
CUCUUGGCCUGA,UCAGGCUGAGGG,((((((((((((,)))))))))))),-25.1
CUAAGCCUAGUU,GACUGGGCUUGG,((((((((((((,)))))))))))),-23.8
CGUAAGAUAGGU,GCCUGUCUUAUG,((((((((((((,)))))))))))),-22.1
GAGGGGUUUGAU,AUCGGGUUUCUC,((((((((((((,)))))))))))),-14.8
UAUUAUGUGCAU,GUGUACGUAGUG,((((((((((((,)))))))))))),-18.1
GCUCUGACGUCU,AGGUGUUAGGGC,((((((((((((,)))))))))))),-20.5
UUGUUUGGGUAU,AUGUUUAGGUGA,...(((((((((,)))))))))...,-7.2
GGUUCUGUAUUU,GGAUAUAGGAUC,((((((((((((,)))))))))))),-16.7
UUGCAUUUCUGA,UCGGGGAUGCAG,.(((((((((((,))))))))))).,-21.4
UGGAUGGUGAUU,GAUCGUUAUUCA,((((((((((((,)))))))))))),-14.2
GGUAAGCUGUGC,GUACGGCUUAUU,.(((((((((((,))))))))))).,-22.6
UAUUCGGGGCGU,GCGUUCCGAAUG,((((((((((((,)))))))))))),-22.3
GUGCUAUUUCUU,AGGGAGUGGUGC,((((((((((((,)))))))))))),-18.5
GUACUCCGGUUU,GAGCUGGAGUAU,((((((((((((,)))))))))))),-22.4
AAUUGGGACUUG,UAAGUUCCGGUU,((((((((((((,)))))))))))),-19.3
AUUGGGCGGUUC,GAAUCGUCCGAU,((((((((((((,)))))))))))),-23.3
UCCGAGUGUUAU,AUGACGCUCGGA,((((((((((((,)))))))))))),-24.8
AUACUGGUGCGU,AUGCAUCGGUAU,((((((((((((,)))))))))))),-22.0
CAUGGUGGUUUU,AAGGUUGCCAUG,((((((((((((,)))))))))))),-15.2
GGGAUAAUUGUU,GAUGAUUGUUUC,((((((((((((,)))))))))))),-13.7
GAUAGGACUUUC,GGGAGUUUUAUC,((((((((((((,)))))))))))),-18.9
GCUGGGUCGUUU,AAACGACCUGGU,((((((((((((,)))))))))))),-23.4
GCUUACUUGAAC,GUUUGAGUAAGU,((((((((((((,)))))))))))),-20.1
UCGUGUGGUCUA,UGGGUUGUAUGG,.(((((((((((,))))))))))).,-10.5
CCUCGUGUCCGC,GUGGGCAUGGGG,((((((((((((,)))))))))))),-27.1
GUCUCGGGUUUU,GGGAUCCGAGAC,((((((((((((,)))))))))))),-22.3
ACGGGUGGGUCU,GGAUUCAUUUGU,((((((((((((,)))))))))))),-17.8
GCGGACGGUUAG,CUGAUUGUUCGC,((((((((((((,)))))))))))),-22.7
CUGAGACGUUUU,GGGACGUUUUAG,((((((((((((,)))))))))))),-17.7
CAGUCUGAUGGA,UUCGUUGGGUUG,((((((((((((,)))))))))))),-14.6
AGGAGGCUGGCU,AGCCGGCUUCUU,.(((((((((((,))))))))))).,-26.3
UGAUGCGUGUUG,UAGUACGCAUUG,.(((((((((((,))))))))))).,-17.4
CCUUGAUGGCAU,AUGCCAUUGGGG,((((((((((((,)))))))))))),-23.2
GCAGGCUGAGUU,GGCUCGGCCUGC,((((((((((((,)))))))))))),-27.6
CGAGGGUGCGGG,UUUGUGCUUUUG,((((((((((((,)))))))))))),-16.3
UGGAAGGUGUCU,AGGUAUUUUCCA,((((((((((((,)))))))))))),-17.2
UUGACGGGACGG,CUGUUCCGUCGA,((((((((((((,)))))))))))),-25.2
AUCACGACUUUA,UGGGGUCGUGGU,((((((((((((,)))))))))))),-20.8
UCUCGCAGCUGC,GUAGUUGUGAGG,.(((((((((((,))))))))))).,-24.8
UUGUUAAACAGU,GCUGUUUAGCGG,.(((((((((((,))))))))))).,-19.3
GCUGAUACCGCG,CGUGGUAUUAGU,((((((((((((,)))))))))))),-24.8
GAUAGUUCAAGG,UCUUGAAUUGUC,((((((((((((,)))))))))))),-20.0
GCCAGGAGUGGC,GCCGUUCUUGGC,((((((((((((,)))))))))))),-25.4
UUCGUAAUUUGG,UUGGAUUGCGAG,.(((((((((((,))))))))))).,-16.1
UUUUGUUGCUGC,GCGGCAGUAAGG,.(((((((((((,))))))))))).,-18.8
GAGUAAGCUUGU,AUGAGUUUGUUC,((((((((((((,)))))))))))),-14.4
GUGUCUGAUGCU,AGCAUUGGGUAU,((((((((((((,)))))))))))),-17.1
UUAUCGAUAUGU,GUAUAUCGGUGA,((((((((((((,)))))))))))),-15.0
CCUAUAUUAAGG,UUUUAGUGUAGG,((((((((((((,)))))))))))),-17.7
UCCGUUUGUCUU,GAGGCGGACGGA,((((((((((((,)))))))))))),-22.7
AUUUUGUGUAUG,CGUGUACGAAAU,((((((((((((,)))))))))))),-15.0
UGAAUGAAGUAU,AUGUUUUGUUUG,.(((((((((((,))))))))))).,-10.4
AUUAGCCGGGUC,GGUUUGGCUAGU,((((((((((((,)))))))))))),-18.3
UUUUAUGUUCGG,UCGAAUAUGGAG,.(((((((((((,))))))))))).,-17.3
UCUAGGGGUUUA,UAGAUUUCUGGA,((((((((((((,)))))))))))),-17.2
CGGUUCUAUUAU,AUAGUGGGACCG,((((((((((((,)))))))))))),-21.4
CGCCUGAUUGUU,AGCGAUUAGGUG,((((((((((((,)))))))))))),-21.7
GGGCAGUGUGGA,UUUACGCUGCUC,((((((((((((,)))))))))))),-23.1
UGCCGAUGAGUC,GGUUCGUCGGUA,((((((((((((,)))))))))))),-21.2
UCGUGGUCCAGA,UCUGGGUUAUGG,.(((((((((((,))))))))))).,-18.9
CUUGUACUGGUU,GAUUAGUGUAAG,((((((((((((,)))))))))))),-14.5
UGAUUGUUGUUG,UGGCAACGGUUG,.(((((((((((,))))))))))).,-16.1
CUUCUGUAAUGG,UUAUUAUGGAGG,((((((((((((,)))))))))))),-16.4
CUUAGUUAGUGC,GUGUUGACUAAG,((((((((((((,)))))))))))),-16.5
UUCUUCGGUGGU,GUCAUCGAGGGA,((((((((((((,)))))))))))),-17.3
UGUCGCAUAGGA,UUUUAUGUGGCG,.(((((((((((,))))))))))).,-19.3
CUUCGGGUGUAC,GUGUGUCUGAAG,((((((((((((,)))))))))))),-14.8
UGGUCGGGUAUG,UAUGCUUGGUCG,.(((((((((((,))))))))))).,-16.1
UCAGAGUGACGG,UCGUUGUUUUGG,.(((((((((((,))))))))))).,-15.2
UACGUUGUCCAG,UUGGAUGGUGUG,((((((((((((,)))))))))))),-16.1
GGCGGUCGGAAA,UUUUCGGUUGCU,((((((((((((,)))))))))))),-17.1
GUGUUUAUAUCU,GGAUAUGGACAU,((((((((((((,)))))))))))),-18.3
AUUUAGUGGUAA,UUGUCGCUGGAU,((((((((((((,)))))))))))),-14.5
CUUGUCAUGUCC,GGACGUGGUAGG,((((((((((((,)))))))))))),-20.8
AGCCUUUGGGUG,CACCUAGGGGUU,.(((((((((((,))))))))))).,-24.1
UGGGGAUCUUAU,GUGGGAUCCUUA,((((((((((((,)))))))))))),-19.6
UGUGGUUUCCGU,ACGGAGGCCGCA,((((((((((((,)))))))))))),-25.9
UAGCUUGGGUCA,UGGCCUAAGUUA,((((((((((((,)))))))))))),-22.4
GUGGUUUUGCUA,UGGUGAAGUUAU,((((((((((((,)))))))))))),-12.2
GGAUCGGCGAGC,GCUUGCUGAUCU,((((((((((((,)))))))))))),-26.7
UCUGUGGUGGAC,GUUUGCUAUGGA,((((((((((((,)))))))))))),-18.5
AUGGGUCAAGCG,CGCUUGAUUCAU,((((((((((((,)))))))))))),-23.6
GAGCAUUUUCGU,GUGGGAGUGCUC,((((((((((((,)))))))))))),-17.7
GGGCCUCGGUUC,GGAUUGAGGCUU,.(((((((((((,))))))))))).,-23.7
AGAAUCUGGAUG,CGUUUAGGUUCU,((((((((((((,)))))))))))),-19.7
GUGAUUGGAGUG,CGUUUCGGUUAU,((((((((((((,)))))))))))),-14.2
UUAUUGAUCUUG,UGAGAUUGAUAA,.(((((((((((,))))))))))).,-15.1
GUCAGUUCUGGC,GUUGGAAUUGGC,((((((((((((,)))))))))))),-20.3
GCUAGUGCUGGC,GCUAGUGUUAGU,((((((((((((,)))))))))))),-19.6
UGGGCAAAGAUU,GAUCUUUGCUUA,((((((((((((,)))))))))))),-19.6
GAUGUGUAUUGG,UUGAUAUAUGUU,((((((((((((,)))))))))))),-12.9
CCGGCUGAUUGC,GUGGUUGGUCGG,((((((((((((,)))))))))))),-21.0
UGUAUGCAUGCU,AGUAUGCGUAUG,.(((((((((((,))))))))))).,-21.2
CUAGUCGUCUGC,GCAGAUGAUUGG,((((((((((((,)))))))))))),-24.4
UUUGGCGUUGGU,GCUAGUGCCGGG,.(((((((((((,))))))))))).,-17.7
GUUGCUGGUAGC,GCUGCUGGUAGC,((((((((((((,)))))))))))),-23.6
UGUCGGAUGUCA,UGGCAUUUGGCA,((((((((((((,)))))))))))),-21.1
UAGGCAUUAGCU,AGCUGGUGCUUG,((((((((((((,)))))))))))),-22.4
GUUAGUGAUGAU,AUUAUUGCUAAU,((((((((((((,)))))))))))),-16.4
GUAGUUGUGGUU,GAUUGUGGUUGC,((((((((((((,)))))))))))),-6.9
AUAGAGGUCUAA,UUAGGCUUUUAU,((((((((((((,)))))))))))),-17.8
UUUGCUGUGGGG,CCCUAUAGUAAG,.(((((((((((,))))))))))).,-23.3
GUUGUUUUAGGA,UUCUGGGGCAGC,((((((((((((,)))))))))))),-18.1
AACGGCCUGCUA,UGGUGGGUUGUU,((((((((((((,)))))))))))),-20.7
GUUUCGAAGUGU,ACGCUUUGAAGU,.(((((((((((,))))))))))).,-19.0
UAUUUCUGACCC,GGGUCAGGGGUA,((((((((((((,)))))))))))),-24.2
GUUUUCUGGAUG,UAUUUGGAAGAC,((((((((((((,)))))))))))),-16.4
UUACUUUGUGUC,GACGUGAGGUGG,.(((((((((((,))))))))))).,-16.2
UUCAUUGGUGUU,GAUGCUAAUGGG,.(((((((((((,))))))))))).,-16.4
GUGAGGACCGUU,GACGGUCUUUAU,((((((((((((,)))))))))))),-22.0
AGAGUGUUUCUU,AAGAGAUGUUUU,.(((((((((((,))))))))))).,-12.4
UCUUAGGCUCGA,UUGAGUUUAGGA,((((((((((((,)))))))))))),-19.7
UGGUGCCAGGGU,GUCCUGGUAUCG,.(((((((((((,))))))))))).,-21.2
AGGGGCCUCGGU,GCUGGGGUUCCU,((((((((((((,)))))))))))),-24.6
GGCCGCUGACGU,GCGUCGGUGGUU,.(((((((((((,))))))))))).,-25.2
UUUAGGGUGGUC,GACUGCUUUAAA,.(((((((((((,))))))))))).,-18.9
UGGUCAUAGCGG,UCGUUGUGGUUG,...(((((((((,)))))))))...,-16.4
AUGUUUCUAGAC,GUUUGGAAGUGU,...(((((((((,)))))))))...,-15.3
AUUGAUGGCUGU,GCGGUUGUCGGU,((((((((((((,)))))))))))),-17.6
GUUGUGUUUAAG,CUUGGGCAUGAC,((((((((((((,)))))))))))),-18.4
UAUGGUGUGGUG,UAUUAUGCCGUA,((((((((((((,)))))))))))),-17.7
UUUAGUUCCGAU,AUUGGGGUUGAG,.(((((((((((,))))))))))).,-14.4
AUAGUGUAUAGU,GCUGUGUACUGU,((((((((((((,)))))))))))),-16.2
GGGAAUGUAGGU,AUUUAUGUUCUU,.(((((((((((,))))))))))).,-15.1
UGUCUAUUGUUU,AAGUAAUAGAUG,.(((((((((((,))))))))))).,-13.9
UUGGGAUUUGCG,UGUGAAUCCUGG,..((((((((((,))))))))))..,-18.3
UGGUUAGUGACG,UGUUGUUGAUUG,.(((((((((((,))))))))))).,-11.7
CUUGUUAUGCUG,UGGUGUGACAGG,((((((((((((,)))))))))))),-18.0
GCGUUGGGGCUG,CAGUCUUAAUGU,((((((((((((,)))))))))))),-21.7
UCUACGCGUCUG,CAGAUGCGUGGG,.(((((((((((,))))))))))).,-26.2
GCAGCUGUAACU,AGUUGCGGUUGU,((((((((((((,)))))))))))),-22.6
UUAUACCAUGUU,GGCGUGGUGUAG,.(((((((((((,))))))))))).,-19.9
UGUAUUCGUUGG,UUAGUGGAUACG,.(((((((((((,))))))))))).,-14.4
CGUGUGCGUGUC,GGUGCGUAUGUG,...(((((((((,)))))))))...,-14.1
GAGGGCUUUUGG,CCGAGAGCUCUU,((((((((((((,)))))))))))),-24.1
UGAUAUGGUGUU,GGUGCUAUAUUA,((((((((((((,)))))))))))),-12.1
GGUGUGGGCGGU,GCUGUUCGUAUC,((((((((((((,)))))))))))),-16.8
GAAGUGCCUUUG,UAAGGGCAUUUU,((((((((((((,)))))))))))),-20.4
UGGUGCUGACUU,AAGUUGGCACCG,.(((((((((((,))))))))))).,-24.0
AUAUGCGUGACC,GGUUACGCGUAU,((((((((((((,)))))))))))),-24.6
UUGGUGGAGUCU,GGAUUCUACUGG,..((((((((((,))))))))))..,-18.9
CUUUGUGGCGCA,UGCGUCGUGGAG,((((((((((((,)))))))))))),-18.6
GGCUUAUCGUGG,CCACGGUGGGUC,((((((((((((,)))))))))))),-24.7
GGCAGCGAUUGG,UCGAUUGCUGUC,((((((((((((,)))))))))))),-22.9
ACGUGCUGUUAU,GUAGUAGUGUGU,((((((((((((,)))))))))))),-11.4
GGGUUCUUCAGU,GUUGGAGAAUUU,.(((((((((((,))))))))))).,-14.0
UGUGCGAUCGAG,CUUGGUCGCACG,.(((((((((((,))))))))))).,-25.9
CUGGCUGUGGAU,AUUCGUAGUUAG,((((((((((((,)))))))))))),-16.4
GGUCAUUUGGCA,UGUUAGGUGAUC,((((((((((((,)))))))))))),-19.0
GGGUGGGCGUUU,AGGUGUCUACUC,((((((((((((,)))))))))))),-17.3
GGGAGACCCUGG,UUGGGGUCUCCU,((((((((((((,)))))))))))),-26.2
UGUUUGGCAUAG,CUAUGUUGAGCG,.(((((((((((,))))))))))).,-19.4
CUGCGGGGUCGC,GUGGCUUUGCGG,((((((((((((,)))))))))))),-23.4
UCCGGGGACAUG,CGUGUUUCUGGA,((((((((((((,)))))))))))),-23.3
AUUGGGGUUAUC,GGUAGCUUCGGU,((((((((((((,)))))))))))),-18.3
CCGAGAUGUGAG,UUCACGUUUUGG,((((((((((((,)))))))))))),-21.3
UUGGGGAUGUGU,AUGCGUUCCCGA,((((((((((((,)))))))))))),-21.2
UUUCGCUGUCUU,GGGGUGGCGAGA,((((((((((((,)))))))))))),-16.5
GCGUCGGGUCCA,UGGACUUGAUGC,((((((((((((,)))))))))))),-25.6
UUGGGGCAGUUU,AAAUUGCUUUGA,((((((((((((,)))))))))))),-16.1
AUAAUAAUGCUU,GGGUGUUGUUGU,((((((((((((,)))))))))))),-14.6
GGGCAGGGAUCA,UGGUUCCUGUUC,((((((((((((,)))))))))))),-22.8
GUGGGUCUGCUG,UAGUGGGUUCGC,((((((((((((,)))))))))))),-16.8
ACGUCUGUGCGC,GUGUAUAGGUGU,((((((((((((,)))))))))))),-19.3
AGUGGGUAGUGA,UCAUUACUCGCU,((((((((((((,)))))))))))),-22.1
CGUCCUAGCGGA,UCUGCUGGGGUG,..((((((((((,))))))))))..,-22.4
UGUGGACGGCAC,GUGCUGUUUACG,.(((((((((((,))))))))))).,-24.0
GCGUUGCGUUUG,CAAGUGUGGCGC,((((((((((((,)))))))))))),-18.9
CUUUUGAGCGAC,GUUGUUUGGGAG,((((((((((((,)))))))))))),-17.5
UUUCUUUGAUUG,CAAUUAAAGGGG,.(((((((((((,))))))))))).,-17.0
GGUCUGAUCUUC,GGGGAUUGGAUC,((((((((((((,)))))))))))),-20.1
GUGCAUACUUUG,UGGGGUAUGUAC,((((((((((((,)))))))))))),-18.5
GGAGGUCAGAAC,GUUCUGGUUUUC,((((((((((((,)))))))))))),-17.9
CGUUUUGGUGGC,GCCGUUGAGAUG,((((((((((((,)))))))))))),-17.1
UAGUCUUCUUUU,GGAAGGAGACUA,((((((((((((,)))))))))))),-19.5
UAGGUAUAGCAC,GUGCUGUGUUUA,((((((((((((,)))))))))))),-17.9
UAGGGGUUUGGG,CCUAAGCCCUUA,((((((((((((,)))))))))))),-24.7
GUAUUAGACUGG,UUGGUUUGGUAU,((((((((((((,)))))))))))),-14.8
UUUCUGGCGUCC,GGAUGCCGGAGG,.(((((((((((,))))))))))).,-26.3
UGGUGGAGACGG,UCGUUUCUACUG,.(((((((((((,))))))))))).,-21.4
UUCACAAGUGUA,UGUAUUUGUGGG,.(((((((((((,))))))))))).,-15.0
UGCGGACCGUUU,GGGUGGUCUGCA,((((((((((((,)))))))))))),-19.8
UUUUGGCUCGGU,GUUGAGUCAAGA,((((((((((((,)))))))))))),-15.8
UGGGAGCUGAAG,CUUCGGUUUCCA,((((((((((((,)))))))))))),-23.9
CUCAGAUGGGAG,CUUCUAUUUGGG,((((((((((((,)))))))))))),-20.9
GCGGGUUUUGCU,GGUAAGAUUCGC,((((((((((((,)))))))))))),-19.9
GCCCAUGUAUUU,GGGUGCGUGGGU,((((((((((((,)))))))))))),-21.7
GAGGUUCGGGUG,CGUUCGAAUUUU,((((((((((((,)))))))))))),-15.3
CUCCAAUUUCUG,UGGAGGUUGGGG,((((((((((((,)))))))))))),-19.9
GUUGCCAUUCUU,GGGAGUGGUAGC,((((((((((((,)))))))))))),-21.3
CGGGGAUUUGCA,UGCGGAUUUCUG,((((((((((((,)))))))))))),-19.6
CUAGAGUUUUGA,UCAGAAUUUUGG,((((((((((((,)))))))))))),-17.3
CAGUUGGAAUUA,UAGUUCCAAUUG,((((((((((((,)))))))))))),-20.0
AAACGAUUGUGG,UUACGGUCGUUU,((((((((((((,)))))))))))),-18.6
CGAAACGUUUGU,GUGGGCGUUUUG,((((((((((((,)))))))))))),-13.3
AUGAUCUAGUCC,GGGCUAGGUCGU,((((((((((((,)))))))))))),-24.5
GUAUUUUGGAAU,GUUCUGAAGUGU,.(((((((((((,))))))))))).,-14.1
CCCUCAGGGUGU,GCGUCUUGAGGG,((((((((((((,)))))))))))),-22.3
UUAACGGCUUAG,CUGGGCUGUUAG,.(((((((((((,))))))))))).,-21.7
GCUAGUUGUUGU,AUAAUAGCUAGC,((((((((((((,)))))))))))),-20.9
GAUAGGCUCGGG,CUCGGGCCUAUU,((((((((((((,)))))))))))),-25.8
GCAUGGGUCUUG,CGAGAUCCGUGC,((((((((((((,)))))))))))),-25.9
UUGCAAGGUGUA,UGUGCCUUGCGG,.(((((((((((,))))))))))).,-18.6
AUCUAUUCGUGG,UUAUGAGUAGAU,((((((((((((,)))))))))))),-18.4
UAUUGCUUGGAA,UUUCAGGCAGUA,((((((((((((,)))))))))))),-19.8
UCUUCGGAGGUU,AAUUUCUGGAGG,.(((((((((((,))))))))))).,-18.9
UCGUCUUAGGGA,UUUCUAGGACGG,.(((((((((((,))))))))))).,-20.9
GCAUGUGGCGAC,GUUGUUGCAUGU,((((((((((((,)))))))))))),-21.5
GGUGGGAGUAGG,UUUACUCCUAUU,.(((((((((((,))))))))))).,-20.4
GGGCCUUGAGUG,CGUUCGGGGUCC,((((((((((((,)))))))))))),-21.9
UGUGUGUGAGAG,UUCUUGCGCGCG,.(((((((((((,))))))))))).,-21.2
UUCGGGGAUUUC,GGAAUCUCUGAG,.(((((((((((,))))))))))).,-21.3
UGCUUAGUGUAG,CUGCACUGGGUA,((((((((((((,)))))))))))),-22.8
GCGGUAUACCGG,UCGGUAUAUUGU,((((((((((((,)))))))))))),-21.7
GAGGUUGUUCCG,CGGAAUGAUCUU,((((((((((((,)))))))))))),-21.4
UGAGUCUGUGCU,GGCAUGGGUUUG,.(((((((((((,))))))))))).,-15.5
CUUGUUUAUCGG,CCGGUGGGUAAG,((((((((((((,)))))))))))),-17.5
UGGAUAAGGGGA,UCCUCUUGUCUG,.(((((((((((,))))))))))).,-22.5
GCGCAGAGUUGU,AUAGCUUUGCGU,((((((((((((,)))))))))))),-22.6
GCGUCUCUUUUG,UGGAAGAGGUGC,((((((((((((,)))))))))))),-17.3
CGUAUCUCUAAG,UUUAGGGGUAUG,((((((((((((,)))))))))))),-18.8
AUAGUUGCCACC,GGUGGUGGCUAU,((((((((((((,)))))))))))),-24.2
GAACCAGUGUUC,GAAUGCUGGUUU,((((((((((((,)))))))))))),-22.4
GUGAGGGUGUGU,GCAUGUCCUCAC,((((((((((((,)))))))))))),-20.3
GUCAGUGCUUGU,AUGAGUACUGAC,((((((((((((,)))))))))))),-22.2
GCUUGUUAGGGG,CCCUUGAUAGGU,((((((((((((,)))))))))))),-22.9
GUCCGUUGUCCG,CGGGUAGCGGGU,.(((((((((((,))))))))))).,-21.5
UGUGUUUGUGUA,UAUACAGAUGUA,...(((((((((,)))))))))...,-14.6
UGGUUGUGUUGU,GCAGCAUGGCUG,.(((((((((((,))))))))))).,-18.6
UGAGGCCCUGUA,UGUGGGGUCUCG,.(((((((((((,))))))))))).,-21.1
CCAGCAUGCUUC,GAGGUGUGUUGG,((((((((((((,)))))))))))),-23.4
UUUGGCAGAGGU,GCUUCUGUUAAG,.(((((((((((,))))))))))).,-19.5
GGGUCCCUGAUU,AAUUAGGGAUCU,((((((((((((,)))))))))))),-23.1
GCGGGCUAUGAA,UUUGUGGUCUGC,((((((((((((,)))))))))))),-20.3
GUCUACUGUGAG,UUUAUGGUGGGC,((((((((((((,)))))))))))),-18.7
UGCGACUCUAGA,UUUAGAGUUGUG,.(((((((((((,))))))))))).,-20.5
CUUUUGGUUUAG,UUGAGUUAAAAG,((((((((((((,)))))))))))),-11.8
GUUGUGGGACUU,AGGUUCCGCGGC,((((((((((((,)))))))))))),-22.5
GGGACUGAGGUU,GGUCUUGGUCCU,((((((((((((,)))))))))))),-17.7
AUAACUGGUAAG,CUUGCCGGUUGU,((((((((((((,)))))))))))),-22.5
GGUAGCAGGGAG,CUUCCUGUUGUU,..((((((((((,))))))))))..,-20.8
CGUGAGUGAGGA,UCCUCAUUUGUG,...(((((((((,)))))))))...,-18.9
UUCGGUUACUGG,CCGGUAGUUGGA,((((((((((((,)))))))))))),-18.0
CGUUCGGGCUUG,CGGGUCUGGGUG,..((((((((((,))))))))))..,-17.8
UUGGUUUGUCAU,GUGGUAGGCCGG,.(((((((((((,))))))))))).,-15.8
AAUGUGGUCUGA,UCGGGCCAUAUU,((((((((((((,)))))))))))),-22.2
CGCUGUGAGGAG,UUCUUCGCAGUG,((((((((((((,)))))))))))),-23.4
GGUCGGUGCGUU,GGUGUGUCGAUU,.(((((((((((,))))))))))).,-11.7
AAAGUCUCGGAG,UUCCGAGGUUUU,((((((((((((,)))))))))))),-18.6
AAUGUUGAUGCG,UGUGUUAGUAUU,((((((((((((,)))))))))))),-12.4
GUCUCGGUUUUG,CAGGAUUGGGGC,((((((((((((,)))))))))))),-19.6
GUUGCUGGGUUA,UAAUCCAGUGAU,((((((((((((,)))))))))))),-20.0
AAGUUGGUUUGG,CUAAGUCGGUUU,...(((((((((,)))))))))...,-11.0
AAAUCCCGUGCG,UGUGUGGGAUUU,((((((((((((,)))))))))))),-18.4
CGUGUCGGUUGU,ACAAUUGGCGUG,...(((((((((,)))))))))...,-17.2
UGCAGCUCGUUC,GGACGAGCUGUG,.(((((((((((,))))))))))).,-26.4
GAGUGUAGGGCC,GGUUCUACAUUU,((((((((((((,)))))))))))),-22.4
UGCGUAAAUAGG,CCUAUUUGUGUA,((((((((((((,)))))))))))),-17.9
CAGUAUAGUGUG,CGCGUUAUGCUG,((((((((((((,)))))))))))),-18.9
UGUGUUCAUACU,GGUGUGAAUGUA,...(((((((((,)))))))))...,-16.1
ACGCUCGCACUG,UGGUGCGGGCGU,((((((((((((,)))))))))))),-26.3
CUGUGCUUCCUG,UAGGGAGUGUGG,....((((((((,))))))))....,-17.4
UGAUCGUCUGGU,GCUGGGUGGUUA,((((((((((((,)))))))))))),-15.0
CUAUUACUGUUC,GAGCGGUAGUGG,((((((((((((,)))))))))))),-21.7
GUGUCAGGGGUG,UAUCCCUGGCGU,..((((((((((,))))))))))..,-23.5
CAGAGAUGCUGA,UCGGCAUUUCUG,((((((((((((,)))))))))))),-24.0
AGGUUGUAGUUG,UAACUGCAAUUU,.(((((((((((,))))))))))).,-18.1
UGGCAAUAGGAC,GUCUUGUUGCUG,.(((((((((((,))))))))))).,-22.6
UAGGUUUGUCUG,CAGAUGGAUUUG,((((((((((((,)))))))))))),-16.7
GGCGGGUUACGG,UCGUAACUUGCU,((((((((((((,)))))))))))),-22.8
GACUAUGUUAAG,UUUAAUAUGGUU,((((((((((((,)))))))))))),-16.6
UAUAGUGCGUGC,GCGUGUACUAUA,((((((((((((,)))))))))))),-20.0
CGGGAUAGGAUG,UAUUCUAUCUCG,((((((((((((,)))))))))))),-21.1
CUUUAGUGAGUU,AAUUCACUGAGG,((((((((((((,)))))))))))),-19.9
UAGGGUUUCUAU,AUGGAAGCUUUG,((((((((((((,)))))))))))),-17.5
GCGGUGGUUCGC,GCGGGUUAUCGU,((((((((((((,)))))))))))),-19.4
UGGGGUCCGGGU,GCUUGGGCCCUG,.(((((((((((,))))))))))).,-25.1
CAUUGGGUCUGG,UCAGGUCUAAUG,((((((((((((,)))))))))))),-17.9
GUGGGAGGUUAG,UUAGCCUCUCGU,..((((((((((,))))))))))..,-21.2
UUCGCACGUUUU,AAGGUGUGUGGA,((((((((((((,)))))))))))),-15.8
AGGUGGAAAGGU,GUCUUUUCGUUU,....((((((((,))))))))....,-10.7
GUUGUAGGUGUU,AACGCUUGUGGU,....((((((((,))))))))....,-14.0
UUUUCUUUUCUU,AAGAGAAGGAGG,.(((((((((((,))))))))))).,-17.4
ACGGUCAUUUUG,UGAAGUGGCUGU,((((((((((((,)))))))))))),-18.5
UUGAUCCGUAGU,GUUACGGAUUAA,.(((((((((((,))))))))))).,-17.1
GGAGCUGUUUGU,GCGGAUAGCUCU,((((((((((((,)))))))))))),-22.0
GAGGUUACGGUC,GGCUGUGGCCUU,((((((((((((,)))))))))))),-24.0
CAACCGGGAUUU,GGGUUUCGGUUG,((((((((((((,)))))))))))),-18.9
AGAAGUGUAUAU,GUGUACGCUUUU,.(((((((((((,))))))))))).,-18.0
UCGUAGGAUUAU,GUGGUUUUGUGG,.(((((((((((,))))))))))).,-11.6
GUGGUAAAGCGC,GUGUUUUGUCAU,((((((((((((,)))))))))))),-17.1
CAUUAGCUGGCG,UGUUAGUUGGUG,((((((((((((,)))))))))))),-18.9
GAAUCGGUUUGU,GCGAGCUGAUUC,((((((((((((,)))))))))))),-20.9
CGGCUUGUAGUU,GACUGCGGGCUG,((((((((((((,)))))))))))),-22.3
UUGGUGUUGUGG,CCAUAGCAUUAA,.(((((((((((,))))))))))).,-20.6
GAUUUGGGCAGC,GUUGCCUGGGUU,((((((((((((,)))))))))))),-21.0
UGCCAGGCUGGA,UCUGGCUUGGCG,.(((((((((((,))))))))))).,-25.7
GUCUCGUGUCUA,UGGGCACGGGGC,((((((((((((,)))))))))))),-24.4
UUUGGUGAUUCU,GGGAUUAUUAAA,.(((((((((((,))))))))))).,-14.9
CGUUGGGUUCUA,UAGAGUUCAGUG,..((((((((((,))))))))))..,-12.9
GUAGUGGAUGAU,GUCAUUCGCUAU,((((((((((((,)))))))))))),-20.3
UUUGUAGCUGAA,UUUAGCUAUGAG,.(((((((((((,))))))))))).,-18.0
GGCUUUAUGACG,CGUCGUGAGGCC,((((((((((((,)))))))))))),-25.7
GUUUGGUGAUCC,GGAUCGUUGAAU,((((((((((((,)))))))))))),-16.7
UCCCUGUCGAGU,AUUCGGCGGGGA,((((((((((((,)))))))))))),-26.0
CAUAAUGAUGCC,GGUAUUGUUGUG,((((((((((((,)))))))))))),-19.8
UUAAAGUGUUUC,GAGGCAUUUUAA,.(((((((((((,))))))))))).,-17.8
UGGGGUUCUUGG,CCAGGGGUUCUA,((((((((((((,)))))))))))),-17.6
CUAGAAUUGAAG,UUUUGAUUUUAG,((((((((((((,)))))))))))),-14.4
GCGUGAGUGUGU,GUAUAUUUGCGC,((((((((((((,)))))))))))),-15.7
GGGGUACCCUUG,CAGGGGUGCUUU,.(((((((((((,))))))))))).,-24.1
GGCGUCGUUGAU,AUUGACGGCGUC,((((((((((((,)))))))))))),-21.6
UGUUAAAUCUCU,AGGGGUUUAAUG,.(((((((((((,))))))))))).,-17.5
AUGGCUGUAUAU,AUGUGUGGCCGU,((((((((((((,)))))))))))),-17.2
UGGGUGUACUCG,CGGGUGUGCUCG,.(((((((((((,))))))))))).,-19.4
UUCUGUUGCAGU,ACUGUAGCGGAG,.(((((((((((,))))))))))).,-22.6
ACUUCCAGCGAG,UUUGUUGGAAGU,((((((((((((,)))))))))))),-22.2
UCGCUGUUUGAA,UUCAGGUAGUGA,((((((((((((,)))))))))))),-17.1
AGGGUGUAUGAU,GUCGUGCAUUUU,.(((((((((((,))))))))))).,-17.1
GUGUUGACUUCG,CGAAGUUAGCGC,((((((((((((,)))))))))))),-23.5
UCGGCCAUAGUA,UAUUGUGGCUGG,.(((((((((((,))))))))))).,-22.5
UAUUGCCAGUUU,GAGUUGGCGAUA,((((((((((((,)))))))))))),-16.9
ACUAGGUUGCGG,CUGCGGCUUAGU,((((((((((((,)))))))))))),-23.3
GUCGUUUUAAUA,UAUUAGAGUGGC,((((((((((((,)))))))))))),-14.2
UUGUAGGGGAUG,CGUUUCUUGUGG,...(((((((((,)))))))))...,-14.1
GUAUGUUGCCGA,UUGGCGGCAUAU,((((((((((((,)))))))))))),-22.2
AUUUAUGGUUGU,GUAACUAUAGAU,((((((((((((,)))))))))))),-13.1
CUAUAGUGUAGU,GCUGUACUAUGG,((((((((((((,)))))))))))),-17.4
GAGCUUUUGUAU,AUGUGGAAGCUU,((((((((((((,)))))))))))),-14.8
AGGGUGGGGACU,GGUCUCCACUUU,.(((((((((((,))))))))))).,-23.0
CGUCAGUCGAGG,UUUCGGUUGGCG,((((((((((((,)))))))))))),-18.5
GGUAUCGGAAUC,GAUUCUGAUGCU,((((((((((((,)))))))))))),-23.0
UCGAGGUGGUGC,GUGCCGCCUCGG,.(((((((((((,))))))))))).,-27.7
CUUGGAGUGUUU,GGGCGUUCUGGG,((((((((((((,)))))))))))),-13.3
UGAUGAGGUAGG,UUUACUUUAUCA,((((((((((((,)))))))))))),-18.0
GGUGGGUAUUCA,UGAAUGUUUACC,((((((((((((,)))))))))))),-16.7
UUGGUGUGCGGG,CUCGCAUGCUAG,.(((((((((((,))))))))))).,-22.9
GAUGGAGUUGGA,UCUGAUUCCAUU,((((((((((((,)))))))))))),-20.2
GAUUUCUUUGCA,UGUGAAGGGGUC,((((((((((((,)))))))))))),-17.9
UGAGCUCUGGUG,UGUUAGGGUUCA,((((((((((((,)))))))))))),-16.0
AUCUGGUGUGUU,AGCACAUUAGAU,((((((((((((,)))))))))))),-20.7
CGGUGGCGUCGU,AUGGCGUCAUUG,((((((((((((,)))))))))))),-21.8
AGGGCUUCCGUG,CACGGAGGCUCU,((((((((((((,)))))))))))),-27.9
UGGUCAACAAAA,UUUUGUUGGCUG,.(((((((((((,))))))))))).,-19.4
UUUGCGUGCCAG,CUGGCGCGCGAA,.(((((((((((,))))))))))).,-28.0
GGGGCUCUUAAU,AUUAGGGGUCUC,((((((((((((,)))))))))))),-20.4
ACUCUGGUGUGU,AUAUAUUAGAGU,((((((((((((,)))))))))))),-19.2
AGUGGAGCGUCG,UGGUGUUCCGCU,((((((((((((,)))))))))))),-20.6
GAGGCGGCGUGU,GUACGCUGUUUU,((((((((((((,)))))))))))),-17.9
GAACAAUUCGUA,UAUGAGUUGUUC,((((((((((((,)))))))))))),-20.0
GUCGUUACUGGU,AUUAGUGAUGGU,.(((((((((((,))))))))))).,-17.1
UGGCUUUUAUUU,GGGUGGAGGUCA,((((((((((((,)))))))))))),-15.8
AGCGUUGGUUUG,UGGAUCGACGUU,.(((((((((((,))))))))))).,-17.7
GUGGGGUUGGCA,UGCCAGUUCUAC,((((((((((((,)))))))))))),-20.5
UGGGUGUCUGAG,UUUAGACGUUCA,((((((((((((,)))))))))))),-16.6
GGCCAUUGUUCU,AGAAUAGUGGUC,((((((((((((,)))))))))))),-22.4
CGGAGUGUAGUA,UGUUGCAUUUCG,((((((((((((,)))))))))))),-16.1
UUUCGUUCUUUA,UGAAGGGUGAAA,.(((((((((((,))))))))))).,-14.2
AAGUGAGAUCUG,UGGGUUUUACUU,((((((((((((,)))))))))))),-16.9
GUUUGAUCCUUA,UGAGGGUCAGAU,((((((((((((,)))))))))))),-20.9
CAACAGUUACUU,AGGUGGUUGUUG,((((((((((((,)))))))))))),-16.2
UAAUGGCGGUUG,CAGUUGUUAUUA,((((((((((((,)))))))))))),-14.3
CUCUGUGCUAGA,UUUAGCGCGGAG,((((((((((((,)))))))))))),-23.6
GGCUUGACUGCU,AGUGGUCAGGCU,((((((((((((,)))))))))))),-24.0
UGCGUCGCUUGG,UUAGGUGACGCA,((((((((((((,)))))))))))),-23.4
CAUUGGUCGAGU,GCUUGACUGGUG,((((((((((((,)))))))))))),-20.0
GCUGGCGGUCCU,AGGGUCGUUAGU,((((((((((((,)))))))))))),-20.8
CUGGUUAGCUCC,GGAGCUGGCCAG,((((((((((((,)))))))))))),-28.9
GUACCGUAUGGU,ACCGUACGGUGU,.(((((((((((,))))))))))).,-24.0
UAGGAGGUGCUG,UGGUGUUUCCUG,((((((((((((,)))))))))))),-15.4
GGGAUAUGUUGA,UUGGCAUGUUCC,((((((((((((,)))))))))))),-18.7
GGGUUUAUACAA,UUGUAUAAGUCU,((((((((((((,)))))))))))),-15.2
UGGGGCUGGGAC,GUUCUGGCUCUG,.(((((((((((,))))))))))).,-22.4
CAGUGAUCAGUU,GAUUGAUCACUG,((((((((((((,)))))))))))),-22.1
GUUGGUUACACA,UGUGUGAUCAGU,.(((((((((((,))))))))))).,-19.6
GUCACAGCGAGA,UCUUGCUGUGGU,.(((((((((((,))))))))))).,-23.7
CAGAUGGGGUAC,GUGUCUCGUUUG,((((((((((((,)))))))))))),-17.9
AUGCUAGUUCCU,GGGAGCUGGUAU,((((((((((((,)))))))))))),-22.5
UCGCUCGUGUGU,GUGUACGAGCGA,((((((((((((,)))))))))))),-17.2
UUCGUAUGGGGA,UUCCCAUGUGGA,((((((((((((,)))))))))))),-19.0
GUGUCAUCGUUU,GAACGAUGAUGU,..((((((((((,))))))))))..,-18.8
GUCGCUUGAUGU,GCGUCAGGCGGC,((((((((((((,)))))))))))),-24.6
UUGGAUGUAGGG,UCUUGCGUCUAG,.(((((((((((,))))))))))).,-19.8
UGCUGGGGACUU,AGGUUCUUGGCA,((((((((((((,)))))))))))),-20.3
UUUAUGAUGUUA,UGGUAUCAUAGA,((((((((((((,)))))))))))),-13.6
GAGCUUUAGAUA,UGUUUAAAGUUU,((((((((((((,)))))))))))),-16.4
GUCGUUUGUAGG,CUUAUAAGUGGU,.(((((((((((,))))))))))).,-13.8
GAGGUGUCCAUU,AGUGGGCAUUUC,((((((((((((,)))))))))))),-21.6
AUCCUUACCGUG,UGUGGUAGGGAU,((((((((((((,)))))))))))),-18.9
CAGCUUUGUUGU,GCAAUAAAGUUG,((((((((((((,)))))))))))),-19.3
CCUGACCUCUAG,UUAGGGGUUAGG,((((((((((((,)))))))))))),-24.1
UAUCGGAAAGGC,GUCUUUCUGGUG,((((((((((((,)))))))))))),-21.3
GGCUAGAAGCUU,GGGCUUUUGGUC,((((((((((((,)))))))))))),-20.3
UGGAUUUUGAAA,UUUUGAGAUUUG,.(((((((((((,))))))))))).,-12.2
UUAUUUACAGUG,UAUUGUGAGUAG,.(((((((((((,))))))))))).,-16.7
GUUGUGGGUUAA,UUAGUUUACAAU,((((((((((((,)))))))))))),-12.6
GGGCUCGCUUGA,UUAGGCGGGCUU,.(((((((((((,))))))))))).,-23.1
UUUGUGUGUUAC,GUAACGUGUAAA,.......(((((,))))).......,-12.2
AACUGUUCAGGU,ACUUGGACGGUU,((((((((((((,)))))))))))),-21.3
CUGUCGGGUGCU,GGUGUUCGAUAG,((((((((((((,)))))))))))),-16.6
CAUUUUGCGCUG,UGGCGUAAAGUG,((((((((((((,)))))))))))),-20.3
UUGAUAGAGUGG,CCGUUCUGUUGG,..((((((((((,))))))))))..,-16.7
UGUUUUGCCGUC,GGUGGUAAAACG,.(((((((((((,))))))))))).,-18.9
CUUGGAUAUGGU,GCUAUGUUUGAG,((((((((((((,)))))))))))),-16.3
GCAGGGAUAUGU,AUAUAUUCUUGC,((((((((((((,)))))))))))),-20.1
ACUAUUGAUUUA,UAAGUUGGUAGU,((((((((((((,)))))))))))),-15.2
GAAUUGACUAAA,UUUGGUUGGUUU,((((((((((((,)))))))))))),-14.7
UUUGUUAGUAUU,GAUAUUGAUAGA,((((((((((((,)))))))))))),-14.1
UAGGGGAGUGAG,CUCAUUCUUCUA,((((((((((((,)))))))))))),-22.2
CCAUGUAGUUUC,GAGACUAUAUGG,((((((((((((,)))))))))))),-22.9
GGCUCAUAUGGA,UCUAUAUGGGUU,.(((((((((((,))))))))))).,-20.4
AUUGGCUCAUCG,UGGUGAGUUAAU,((((((((((((,)))))))))))),-19.7
AGGUUGUUUGUU,GAUAGGCGAUCU,((((((((((((,)))))))))))),-16.8
GACAUAAUGUGU,GCGUGUUAUGUC,((((((((((((,)))))))))))),-16.0
AUGUGUAUUGGU,AUUGAUAUAUAU,((((((((((((,)))))))))))),-13.9
GCGCGUACUGAG,CUCGGUAUGUGU,((((((((((((,)))))))))))),-24.4
UCCUUGUUUGAA,UUUGAGUGAGGG,.(((((((((((,))))))))))).,-13.4
UCGGUAAUGGUU,GGCCGUUACUGA,((((((((((((,)))))))))))),-21.2
GUGGUAUCUGAU,GUUAGAUGUCGU,..((((((((((,))))))))))..,-14.3
UUAUUCGUGUGC,GCGCACGGAUAG,.(((((((((((,))))))))))).,-23.8
GCGGUGGUUGGU,GUCGGCCGCUGC,((((((((((((,)))))))))))),-21.0
GGGCGGUUUUCG,CGGAGGCUGUCC,((((((((((((,)))))))))))),-23.8
UGGGCAGUUGUU,AGUAAUUGCCUA,((((((((((((,)))))))))))),-17.8
GCUGUCGGGUUC,GGAUUCGGCAGC,((((((((((((,)))))))))))),-24.3
GCGUGACCGGAG,UUUUGGUCGCGC,((((((((((((,)))))))))))),-24.7
UGAGGUAUUCUA,UAGGGUGUCUUA,((((((((((((,)))))))))))),-14.9
CUGGAUUUCAUC,GGUGGGGUUCAG,((((((((((((,)))))))))))),-20.0
UGGUACAGGUAU,GUGCUUGUGUUA,...(((((((((,)))))))))...,-15.3
AGUUCUGGGCGU,ACGUCUGGGGCU,((((((((((((,)))))))))))),-21.8
UUGGGGUGUGGU,AUCAUAUUUCAG,.(((((((((((,))))))))))).,-17.1
UGUCGUGGCCGU,GCGGUCGUGACG,.(((((((((((,))))))))))).,-22.1
UUAGGUGUUCUG,CGGAAUAUCUGG,.(((((((((((,))))))))))).,-19.9
UUCGUCUUCUAC,GUAGGAGACGGA,((((((((((((,)))))))))))),-23.9
GUUAACCGGGGU,AUCCUGGUUAGU,.(((((((((((,))))))))))).,-21.3
UAUUGGAAUAGG,UUUGUUUUGAUA,((((((((((((,)))))))))))),-12.4
UCUGUGGUGUGA,UUACGUCAUAGG,.(((((((((((,))))))))))).,-17.2
UCUCUUUUCGCG,UGCGAAAGGGGA,((((((((((((,)))))))))))),-22.9
UAUUUUCGCGGU,GUCGUGGAAGUA,((((((((((((,)))))))))))),-15.3
GGGUUUUGGUGG,CUACUGGAGCCC,((((((((((((,)))))))))))),-22.8
CGGAUGCUAGGC,GUUUGGUAUCUG,((((((((((((,)))))))))))),-21.3
UGAGGUGGGAGU,GCUUUUGUCUUA,((((((((((((,)))))))))))),-13.0
ACGAUGGGGCGC,GUGCUCUGUUGU,((((((((((((,)))))))))))),-22.6
GCGCUGUUGUUU,AGAUAGCGGCGU,((((((((((((,)))))))))))),-21.9
GAGGGGAUAGUG,UGCUGUCCUUUU,((((((((((((,)))))))))))),-19.7
GAUGGUUUCUCU,GGAGGAAUCGUC,((((((((((((,)))))))))))),-20.7
UGAGUCUACUUU,AGAGUGGAUUUA,((((((((((((,)))))))))))),-18.7
GAUAGGUGCACG,UGUGCGCUUGUU,((((((((((((,)))))))))))),-22.2
GUGCUAUGGUUA,UGAUUGUAGCGC,((((((((((((,)))))))))))),-19.0
CUCUAAAUGUCU,GGGUAUUUAGAG,((((((((((((,)))))))))))),-16.4
GUGGCUUGGUGG,CUAUCGAGUCGC,((((((((((((,)))))))))))),-22.9
CUCCUUUGGUUA,UGGCCAAGGGAG,((((((((((((,)))))))))))),-23.8
UUAUGUAACAUU,AGUGUUGCGUGA,((((((((((((,)))))))))))),-18.5
AAGAUCAGUAAU,GUUGCUGGUCUU,((((((((((((,)))))))))))),-20.1
AUCUGUCGUCAU,AUGGUGGUGGGU,((((((((((((,)))))))))))),-12.4
CAUGGAGUACGU,GUGUACUCUAUG,((((((((((((,)))))))))))),-18.9
UAUGUAUUGCCG,CGGUGGUACAUG,((((((((((((,)))))))))))),-21.2
CCUAAUUGGAAA,UUUUCGGUUAGG,((((((((((((,)))))))))))),-18.5
CUGGGCUCGGCC,GGCUGGGUUCGG,((((((((((((,)))))))))))),-25.9
UUAAUGCAGGUU,AGUUUGUAUUAA,.(((((((((((,))))))))))).,-13.0
GUUGGCUGCGAA,UUUGUGGCUAAU,((((((((((((,)))))))))))),-19.2
UGGUCAGGUUCC,GGGAUCUGGCCG,.(((((((((((,))))))))))).,-26.1
GGUCUCGGGUUG,CAGUCCGGGACU,((((((((((((,)))))))))))),-22.6
AUUAUGAUUCGU,AUGAGUCAUGAU,((((((((((((,)))))))))))),-18.9
UUAGUUGGGGUG,UAUCUUGGCUAA,.(((((((((((,))))))))))).,-16.4
CGGGUCCAGCAU,GUGUUGGGCUCG,((((((((((((,)))))))))))),-24.3
GUGUUCUUGAUG,UGUUAAGAGCGU,..((((((((((,))))))))))..,-16.7
AGAUAUUUGAGC,GCUUAAAUGUCU,((((((((((((,)))))))))))),-21.2
GGUGCCGUCUGG,CUGGGUGGCAUC,((((((((((((,)))))))))))),-21.4
AAUCGCUGGCAG,CUGUUAGUGGUU,((((((((((((,)))))))))))),-21.7
GCUUGCUUCGUU,AACGGAGUAAGU,((((((((((((,)))))))))))),-22.1
UGAUGGGGCUGA,UUAGUCUCAUCG,.(((((((((((,))))))))))).,-22.1
CACGUGCUGUCG,CGAUAGCAUGUG,((((((((((((,)))))))))))),-26.1
GGGUUGAGAUGU,GCGUUUUAAUUC,((((((((((((,)))))))))))),-16.1
AUGUCUUGGGAG,CUCUCAGGGUAU,((((((((((((,)))))))))))),-18.9
UCUCCAUCGCUA,UGGCGGUGGGGA,((((((((((((,)))))))))))),-25.7
CGUGGUGUCUAC,GUAGAUAUCAUG,((((((((((((,)))))))))))),-22.3
CCUUAGGGUAAC,GUUGUCCUGGGG,((((((((((((,)))))))))))),-20.7
CCCGUGGGCCGA,UUGGUUCGUGGG,((((((((((((,)))))))))))),-21.6
CGUGGGGCCGUA,UGUGGCUUUGUG,...(((((((((,)))))))))...,-14.2
GUACUUUUAUGG,UCAUAAGGGUAU,((((((((((((,)))))))))))),-17.8
GGCGGUACCACA,UGUGGUAUUGUC,((((((((((((,)))))))))))),-23.5
GAUCGGUUCUAA,UUAGGGCUGAUU,((((((((((((,)))))))))))),-19.6
CCCUAAUGGGGA,UUCUCGUUGGGG,((((((((((((,)))))))))))),-22.8
AAUAUCUUACUG,CGGUAGGGUGUU,((((((((((((,)))))))))))),-19.6
UGUUUCGUUUUG,UGAAACGGAGUA,..((((((((((,))))))))))..,-14.2
GUUCGCAUGGAU,GUUUAUGCGAAU,((((((((((((,)))))))))))),-19.7
GUGUGAAUGGGG,CUUCGUUUACAU,((((((((((((,)))))))))))),-19.5
UUGAACGGGUGU,AUAUCUGUUCAG,.(((((((((((,))))))))))).,-20.1
GUUUAUGACUCG,CGGGUCAUGGAC,((((((((((((,)))))))))))),-23.0
AGUUGCUCUUGG,CCAAGGGCAGUU,..((((((((((,))))))))))..,-22.4
GAAUUCAGGUUG,UAACUUGAGUUC,((((((((((((,)))))))))))),-19.9
UGUUAGUUCCGA,UUGGGACUGGUG,..((((((((((,))))))))))..,-17.7
CUGUGAUAGUCU,GGGUUAUCGUAG,((((((((((((,)))))))))))),-13.2
ACCUUGGGGCCU,GGGUUUUGGGGU,((((((((((((,)))))))))))),-19.0
CAAUCUGCAGUU,GGUUGCGGAUUG,((((((((((((,)))))))))))),-17.6
GAGUAUCAGGAG,UUCCUGGUGCUU,((((((((((((,)))))))))))),-23.1
CCGAUUUGCUAA,UUAGUAGGUUGG,((((((((((((,)))))))))))),-19.3
AUGUGGCGGAUG,UAUUCGCUGCAU,((((((((((((,)))))))))))),-21.0
CAUCGCGAGUCC,GGGCUUGCGGUG,((((((((((((,)))))))))))),-27.0
AUUUGAGGGUAU,AUGUCUUUAAGU,((((((((((((,)))))))))))),-12.9
UCGCGAAUUCGA,UCGGAUUCGUGG,.(((((((((((,))))))))))).,-22.8
UUGUGAACAUGA,UCGUGUUCGCAA,.(((((((((((,))))))))))).,-22.3
CUCUCGCAUUUC,GAAAUGUGAGGG,((((((((((((,)))))))))))),-23.5
UGAUUCUUUUGA,UCAGAAGGGUCG,.(((((((((((,))))))))))).,-19.7
UACUGUUACUGU,AUGGUGACAGUA,((((((((((((,)))))))))))),-20.3
GAAGUUCCAUGU,AUGUGGGACUUC,((((((((((((,)))))))))))),-21.5
GGUGAUGGGAUU,GAUCUCGUUAUC,((((((((((((,)))))))))))),-18.7
AUAGUGCCGUAC,GUGUGGUGUUGU,((((((((((((,)))))))))))),-14.1
CAUGGGUUUCUG,CGGAGAUUCGUG,((((((((((((,)))))))))))),-20.3
AUUUUGAUGAGG,UUUUAUCGAAAU,((((((((((((,)))))))))))),-15.3
UGUUGGAGUCAU,AUGACUCUGGUA,....((((((((,))))))))....,-17.9
GUAUGAAUAUCC,GGGUGUUCAUAU,((((((((((((,)))))))))))),-21.4
UAUCAUUUAGGC,GUCUGAAUGAUA,((((((((((((,)))))))))))),-20.9
AUUUUGUGGCAG,CUGCUGCGAGGU,((((((((((((,)))))))))))),-20.8
UAUAUUUAUUCC,GGGGUAGAUAUA,((((((((((((,)))))))))))),-18.3
AUUUGCUGUACU,GGUGCGGUGGAU,((((((((((((,)))))))))))),-18.2
UGAUAAAAUCUG,CGGGUUUUGUCG,.(((((((((((,))))))))))).,-19.6
CGGGUUGUGUGA,UUAUAUAAUUUG,((((((((((((,)))))))))))),-14.8
GGGUGGCGUCAG,CUGGUGCUGCUU,.(((((((((((,))))))))))).,-20.0
GGAUUGUCGGGG,CUUCGAUAGUCU,((((((((((((,)))))))))))),-21.5
UAGGGGCAUAUG,UAUGUGCUCUUG,((((((((((((,)))))))))))),-20.1
AGGCAUAGUCUU,GAGGCUGUGUUU,.(((((((((((,))))))))))).,-19.5
GAGUAUGUGUUC,GGACAUAUGUUU,...(((((((((,)))))))))...,-15.8
GCAUGGAUGGUG,UACUGUCUGUGC,((((((((((((,)))))))))))),-20.8
UGCUGGAGUGUA,UACGCUCUGGCA,((((((((((((,)))))))))))),-23.8
GUGCAUGGGAGU,ACUUUUGUGCAU,((((((((((((,)))))))))))),-19.4
GUGGAGCGGCAU,GUGUCGUUUCGU,..((((((((((,))))))))))..,-19.6
ACAUUAUGGUUG,UGAUCAUGAUGU,((((((((((((,)))))))))))),-17.6
CUUAGCUUGGUU,AGUUAAGUUGGG,((((((((((((,)))))))))))),-13.7
GGAUUGGAUCCA,UGGGUCCAAUUC,((((((((((((,)))))))))))),-23.9
GGAUAGUAAUUG,UGGUUACUGUCU,((((((((((((,)))))))))))),-17.8
CUUCCGAGGGCA,UGCUUUUGGAGG,((((((((((((,)))))))))))),-22.8
UUUAGUGCGCUU,AGGCGUGUUGGA,((((((((((((,)))))))))))),-15.5
GAGGGUUUGUGA,UUGUAGACCUUC,((((((((((((,)))))))))))),-16.2
CCUUGUAGUGAG,CUCGCUGUAAGG,((((((((((((,)))))))))))),-21.7
UACCGCUGCUGA,UUGGUGGUGGUG,((((((((((((,)))))))))))),-20.3
AAGUUGUGCUGC,GUGGUAUAGCUU,((((((((((((,)))))))))))),-19.9
UUUGCAAUAGUG,UGCUAUUGCGGG,.(((((((((((,))))))))))).,-18.8
UGCUGUUAUGGC,GUCGUGGUGGUG,.(((((((((((,))))))))))).,-15.7
UUGCUGUUUGGU,ACUGAGCAGUGG,..((((((((((,))))))))))..,-18.6
GUUCUUGGCGCG,CGUGCUGAGAGU,.(((((((((((,))))))))))).,-22.2
CCCAGUUGUUCA,UGAGUGAUUGGG,((((((((((((,)))))))))))),-18.5
UGUUGAUUGUGU,GUAUGGUCGACG,.(((((((((((,))))))))))).,-13.8
ACAGUACGGGGU,GCUUCGUGCUGU,((((((((((((,)))))))))))),-22.9
UUGGGAGCGAUU,GGUCGCUUCUGG,..((((((((((,))))))))))..,-19.7
GUGUUUUCAGCU,GGUUGAGAGCAC,((((((((((((,)))))))))))),-21.3
UGUCUGAUAUCU,AGAUGUUGGAUA,((((((((((((,)))))))))))),-18.6
UUGUACAUGGGA,UCUCGUGUAUGA,((((((((((((,)))))))))))),-19.3
GUAUGCCUGUGU,GUAUGGGCAUAC,((((((((((((,)))))))))))),-18.6
UUAGUGGGCUUA,UGGGUCCAUUAA,.(((((((((((,))))))))))).,-19.8
UGGCAAUGCUUU,AGGGCGUUGCUG,.(((((((((((,))))))))))).,-21.4
GUGGGCAAGUGC,GCGCUUGUUCGC,((((((((((((,)))))))))))),-24.9
GGGCGCGGCUUU,AAGGUCGUGUCU,((((((((((((,)))))))))))),-22.7
UGGUGUCAUGUG,CAUGUGACAUCG,.(((((((((((,))))))))))).,-22.0
GUGCUGGUUUGC,GUGAAUCGGCGU,..((((((((((,))))))))))..,-19.8
GCGUAGAUUAUG,CAUGAUUUAUGU,((((((((((((,)))))))))))),-18.8
GGCGGGUGGAUC,GGUUUAUUUGCU,((((((((((((,)))))))))))),-18.6
ACUAGUCUUGAG,UUCGAGGUUGGU,((((((((((((,)))))))))))),-16.7
GUACGGCGGUGA,UCAUUGUUGUAC,((((((((((((,)))))))))))),-20.9
UGAUAGGGGUAG,UUAUUCCUGUUG,.(((((((((((,))))))))))).,-18.0
UGGUAAUGGGUU,AGUUUGUUACCA,((((((((((((,)))))))))))),-13.9
AUUGCUCGCUCC,GGGGUGAGUGAU,((((((((((((,)))))))))))),-23.5
UGCUUGGCGUUU,GGACGCUAAGCA,((((((((((((,)))))))))))),-23.2
GUUUAAGGGGAG,CUCUUCUUAGAU,((((((((((((,)))))))))))),-19.9
UUAAACGCAGCU,GGCUGCGUUUAG,.(((((((((((,))))))))))).,-23.6
UUAGUCUUGCGU,ACGUGGGGCUAG,.(((((((((((,))))))))))).,-20.5
GAUCGGUGAUGG,UUGUUGCCGGUU,((((((((((((,)))))))))))),-17.8
GCCUGCUGUAUA,UAUACAGUAGGU,((((((((((((,)))))))))))),-24.0
GUCGGAUUAUCU,AGAUAGUUUGAC,((((((((((((,)))))))))))),-19.9
GUUUUGAUUGUC,GAUGAUCAGAGU,.(((((((((((,))))))))))).,-17.1
GCCGAGAUUGAG,UUCGGUUUCGGU,((((((((((((,)))))))))))),-21.6
UAGUGCUGCGUG,CGCGUGGCAUUG,((((((((((((,)))))))))))),-22.8
CGAUCUGGUAGC,GUUAUUAGGUUG,((((((((((((,)))))))))))),-19.1
GUUUCUGAGGGC,GUCUUCGGAGGU,.(((((((((((,))))))))))).,-20.3
UGCCUGGUACUG,UGGUGUCGGGCA,((((((((((((,)))))))))))),-20.3
CGUCGUGGGUAG,CUGUCUGCGGCG,((((((((((((,)))))))))))),-20.6
UUGGUUAUGUUG,CAAUAUGGUCGG,.(((((((((((,))))))))))).,-14.3
AGGUAAUGGACU,GGUCUAUUGUCU,((((((((((((,)))))))))))),-16.9
UCUUGCUGAGGA,UCUUCGGCGAGA,((((((((((((,)))))))))))),-24.1
GGGUUUCAAAGA,UCUUUGGGACUU,.(((((((((((,))))))))))).,-19.2
CGGUGGAAUUGG,UUAAUUUCGCCG,((((((((((((,)))))))))))),-20.1
AUGUAGUCACAU,GUGUGAUUAUGU,((((((((((((,)))))))))))),-17.8
UGCCCGUAUUAA,UUAGUGUGGGUG,.(((((((((((,))))))))))).,-17.7
UAUUGUAUGUUA,UGGCAUACAAUG,((((((((((((,)))))))))))),-18.3
GUAUCGCUUGGG,UCCGGGUGAUGU,.(((((((((((,))))))))))).,-20.6
CACUUCGUAGUG,UAUUGUGGGGUG,((((((((((((,)))))))))))),-15.8
UCGUUUAGUUCU,AGGACUGGGCGA,((((((((((((,)))))))))))),-21.2
UACGUUGGGGUG,UGCUCUAGCGUG,((((((((((((,)))))))))))),-20.4
GUAGGAGCCGGU,GUUGGCUCUUAC,((((((((((((,)))))))))))),-20.3
GUGUUGCAGGGG,CUUCUGCGAUAC,((((((((((((,)))))))))))),-23.2
GUCGGUUGCGUG,UAUGUGAUUGAC,((((((((((((,)))))))))))),-18.5
GGGUACUGGUUA,UGGCCGGUGUUC,((((((((((((,)))))))))))),-17.7
UCUGGUCUAUCC,GGGUAGGUUAGA,((((((((((((,)))))))))))),-19.4
GCUGGUUGAAGC,GUUUUGAUCGGC,((((((((((((,)))))))))))),-20.2
CUUCCCUGGAGU,GUUCCAGGGGAG,((((((((((((,)))))))))))),-23.0
UAGUAUCGGUGU,GCAUCGGUAUUG,((((((((((((,)))))))))))),-18.9
GUUCUUGGGUGA,UUGCCCGGGAGC,((((((((((((,)))))))))))),-22.6
AAGGUGCGUUUU,AGAAUGCAUCUU,((((((((((((,)))))))))))),-19.7
ACGGUCUGCUUA,UGGGCGGACUGU,((((((((((((,)))))))))))),-23.3
UCGGUACGGUCC,GGGUCGUACCGA,((((((((((((,)))))))))))),-24.8
CAGUAAUUUGAU,GUCAGAUUGUUG,((((((((((((,)))))))))))),-14.5
UGUGUUGUAGUA,UACUACAAUACG,.(((((((((((,))))))))))).,-21.2
UUGACGUGUGUG,UGUGUACGUCAA,.(((((((((((,))))))))))).,-12.9
AGUUUGGCUUCA,UGAGGUCGGAUU,.(((((((((((,))))))))))).,-19.0
UCGGUGACUCUA,UGGAGUUAUCGG,.(((((((((((,))))))))))).,-21.9
UUAUUGGGAUCG,CGGUCUCGGUGG,.(((((((((((,))))))))))).,-20.3
AUGGCGCUAAUA,UAUUGGUGUUGU,((((((((((((,)))))))))))),-16.9
CAUGGUUGAUGC,GUAUUAGUUAUG,((((((((((((,)))))))))))),-15.0
AUCGGGUGAGAC,GUUUUAUCCGAU,((((((((((((,)))))))))))),-22.1
AUGUUUUCUUGA,UUAAGGGGACGU,((((((((((((,)))))))))))),-16.6
GAAUAUUAGUGU,GCGCUAGUAUUU,((((((((((((,)))))))))))),-18.2
GCUCAGGGAGCC,GGUUCUCUGGGC,((((((((((((,)))))))))))),-27.7
GGUUUAAUAGGG,CCCUAUUGGGCC,((((((((((((,)))))))))))),-24.0
GUGGGCGUUCAU,AUGAGUGUCCAC,((((((((((((,)))))))))))),-21.1
AGCGUGCGUUGA,UCAACGUAUGUU,.(((((((((((,))))))))))).,-22.0
UUGCGGUGCUGG,UUAGUAUUGUGA,((((((((((((,)))))))))))),-16.7
UUGUGGGUUGGG,UCCAGCUUGCGA,((((((((((((,)))))))))))),-20.3
AUGUCGUUUAAU,AUUGAGCGGCGU,((((((((((((,)))))))))))),-19.3
UUUUACGAGAUU,AAUUUUGUAAGA,((((((((((((,)))))))))))),-15.6
CGAGUGGCCGGG,CCUGGUUGCUUG,((((((((((((,)))))))))))),-24.3
AGAUUAGAUUGC,GCGGUCUAGUUU,.(((((((((((,))))))))))).,-20.1
GAAAUGCGGUUU,AAACCGUGUUUU,((((((((((((,)))))))))))),-19.1
UUUGCUAGGCAC,GUGUUUGGUGGA,((((((((((((,)))))))))))),-18.6
GGAGUUGCUGGA,UUCAGCGAUUUU,.(((((((((((,))))))))))).,-19.6
GGCUUUGUAGUC,GGCUAUGGAGUU,.(((((((((((,))))))))))).,-19.2
GUGGUUCGGCGC,GUGUCGAACUAU,((((((((((((,)))))))))))),-23.9
GCAUUUGUCGGU,ACCGGCGGGUGU,((((((((((((,)))))))))))),-23.0
CUUGAUGUGAAU,GUUUACAUCAAG,((((((((((((,)))))))))))),-19.8
GGUUCGUGUUCU,AGAGUGUGAGUU,..((((((((((,))))))))))..,-9.9
UAUUCAUGUGUG,CACAUAUGGAUA,((((((((((((,)))))))))))),-20.9
CCUUGGUUUGUU,AGUGAGCCGGGG,((((((((((((,)))))))))))),-17.2
AUUUGUGUAUAG,UUAUGUGCGGAU,((((((((((((,)))))))))))),-12.0
AGGAUAGGGGAU,GUCUCCUGUUCU,((((((((((((,)))))))))))),-21.9
UGGGGCUCAGUG,CAUUGGGUUCCG,.(((((((((((,))))))))))).,-23.3
AAUGAGAUGGUC,GACCGUCUUGUU,((((((((((((,)))))))))))),-22.1
GGGUGAGGUUGU,GCAACCUUGUUU,....((((((((,))))))))....,-17.0
GCGGUGUUACGG,CUGUAGUGUUGC,((((((((((((,)))))))))))),-14.2
GGUUCCGCAGAC,GUCUGUGGGGCU,((((((((((((,)))))))))))),-26.2
AAGGGAUUGGUG,UACUGGUUCUUU,((((((((((((,)))))))))))),-16.1
GUGGUUGUGAUU,GAUCACGAUCAU,((((((((((((,)))))))))))),-20.0
UGGGAAGUAUUU,GGAUGCUUCCUA,((((((((((((,)))))))))))),-20.0
GGAUGGCGGGAG,CUUUCGCUAUCU,((((((((((((,)))))))))))),-23.6
AUGGGGUGUUCG,UGGGCACUCUGU,((((((((((((,)))))))))))),-19.8
CGCCGGUGGUUU,AAGCUGUUGGUG,((((((((((((,)))))))))))),-16.8
UGGGGUGUGUCG,CGACGCAUUUUA,((((((((((((,)))))))))))),-20.6
GAGGUUUUCUUC,GAGGAGGAUCUU,((((((((((((,)))))))))))),-19.8
AGUGCAUUCUAG,UUAGGGUGCGCU,((((((((((((,)))))))))))),-21.7
ACGUUGGGUGGC,GCCGCUCGAUGU,((((((((((((,)))))))))))),-25.5
CUUGAAGCUGUG,CGCAGUUUCGGG,((((((((((((,)))))))))))),-22.7
UUGUUCGAAGGC,GCUUUUGAGUAG,.(((((((((((,))))))))))).,-17.0
UCCUGGGUCUGC,GUAGGUUUGGGA,((((((((((((,)))))))))))),-17.9
GCUUUUGAUUGA,UUAGUUAAGGGC,((((((((((((,)))))))))))),-17.1
UACGCAGCCGUG,CGUGGCUGCGUG,((((((((((((,)))))))))))),-25.1
UGGGGAUAGUUG,CAGUUAUUCCUG,.(((((((((((,))))))))))).,-17.1
GCGUUUCUGGUU,AGCCGGGAGCGC,((((((((((((,)))))))))))),-24.8
UGUGGUUCAUGU,AUAUGGACCGUG,...(((((((((,)))))))))...,-18.6
UUGUAUGGCAGU,ACUGCCAUAUGG,..((((((((((,))))))))))..,-22.5
UGCUUCGUCGCU,GGUGGUGAGGUA,((((((((((((,)))))))))))),-18.0
GUUGUUGACCGU,GUGGUCGACAAC,((((((((((((,)))))))))))),-20.4
GUCUCAGGCUAC,GUAGUCUGAGAU,((((((((((((,)))))))))))),-25.7
ACUCGGACGUGC,GCACGUUUGAGU,((((((((((((,)))))))))))),-25.8
GGGCGGUGGGGU,GUCCUACUGCCU,((((((((((((,)))))))))))),-22.9
AGUGCCGGCGUU,AGCGUCGGUACU,((((((((((((,)))))))))))),-25.7
GGGGUAGGUUUG,UGGACUUGUCUC,((((((((((((,)))))))))))),-14.5
UGUGUGAGUUUG,CGGGUUUGUAUA,((((((((((((,)))))))))))),-8.5
GGUUGUUGGCUG,CGGCCGAUAGCU,((((((((((((,)))))))))))),-24.2
CUUAUCUUCGUG,UGUGAGGGUAAG,((((((((((((,)))))))))))),-15.4
AGGUCGUGCGAG,UUUGCGCGGUUU,...(((((((((,)))))))))...,-17.9
GGUGGUCUUAGU,GUUGAGGUCACC,((((((((((((,)))))))))))),-15.3
GACGUAGGUGCC,GGUGCCUGUGUC,((((((((((((,)))))))))))),-23.2
UUUGUCGCGAUU,AAUUGCGACGAA,.(((((((((((,))))))))))).,-21.5
UUUGUGUAUAUA,UAUAUACGCAGA,((((((((((((,)))))))))))),-18.7
GAGGGGUCAUCC,GGGUGAUUCUUU,((((((((((((,)))))))))))),-21.7
UUUGUGGCUUUU,AGAGGUCAUGGA,((((((((((((,)))))))))))),-16.3
CUAAAUAUGGUC,GGCCGUAUUUGG,((((((((((((,)))))))))))),-21.5
GGUCGUAAUUGA,UUGGUUGUGACU,((((((((((((,)))))))))))),-14.1
UGUCUUUAUUUG,UGGAUAAGGGUG,..((((((((((,))))))))))..,-12.4
GCUGAUGAUGUC,GGCGUCGUCAGU,((((((((((((,)))))))))))),-24.7
GUUGGAUUGAUU,GGUCAGUUUAGU,.(((((((((((,))))))))))).,-14.2
UUCUAGGUUGCU,AGCGACUUGGAA,.(((((((((((,))))))))))).,-22.3
GGGUGGUGAUUU,GGAUCAUCACCU,((((((((((((,)))))))))))),-21.8
AGUCAUUCUGUG,UGCGGGGUGACU,((((((((((((,)))))))))))),-20.7
UUCGGGAGAUUU,GGGUUUCCUGGA,((((((((((((,)))))))))))),-18.1
UGCGUAAGGUUA,UAAUCUUGUGCA,((((((((((((,)))))))))))),-17.2
UACGUGACGGCC,GGUUGUUAUGUG,((((((((((((,)))))))))))),-21.8
AGGUUUAGUAUA,UAUGUUAAAUUU,.(((((((((((,))))))))))).,-10.9
UAGAAUUCGUCA,UGACGGGUUCUG,((((((((((((,)))))))))))),-21.4
GCCAAUGAAAUG,CAUUUUGUUGGU,((((((((((((,)))))))))))),-19.9
CGUAUUGUUACU,AGUGGCAGUGUG,..((((((((((,))))))))))..,-16.7
GUUUUGGAUGUA,UACAUCUGGGGC,((((((((((((,)))))))))))),-17.9
GGUCGUUCUAAU,GUUAGAAUGACC,((((((((((((,)))))))))))),-22.0
UGCCUACUUAUU,GAUGGGUGGGCA,((((((((((((,)))))))))))),-21.9
UUGGAGUUGGGU,GCUUGAUUUUAA,.(((((((((((,))))))))))).,-13.7
AGAUGUUAGCUU,GAGCUGACGUCU,((((((((((((,)))))))))))),-22.5
UUGGUUCCCUGU,GCGGGGAGUUAA,.(((((((((((,))))))))))).,-18.6
GUCCAGGGUAUG,UGUGUCUUGGAU,((((((((((((,)))))))))))),-17.0
GCGGGUGUACGU,ACGUACGUCCGU,((((((((((((,)))))))))))),-22.8
UUGCUUUGGAGG,CUUCUAGAGUAG,.(((((((((((,))))))))))).,-20.4
UUUACUUUGUCC,GGAUGAGGUGGA,((((((((((((,)))))))))))),-19.4
AGUAGGUGUGUG,UAUGCGUCUGCU,((((((((((((,)))))))))))),-16.7
GUUAGGGUUCGC,GUGGGCUCUGGC,((((((((((((,)))))))))))),-22.2
GGCUCUUCCAUC,GGUGGGAGAGUC,((((((((((((,)))))))))))),-25.8
AGUCUACGCUUC,GGAGUGUAGGCU,((((((((((((,)))))))))))),-24.1
UAUAGGAUCCGG,CUGGAUUUUGUA,((((((((((((,)))))))))))),-20.1
UCGUUGGGAUGG,UUAUUUUAGCGG,.(((((((((((,))))))))))).,-16.2
UAGAAGACGGAA,UUCUGUUUUCUA,((((((((((((,)))))))))))),-20.1
AUCGGCGAUAAU,GUUGUCGCUGGU,((((((((((((,)))))))))))),-21.1
GCAAGAGUGCGA,UCGUGCUUUUGC,((((((((((((,)))))))))))),-22.9
CGGUAUGUUUUG,UGAAGCGUGCCG,((((((((((((,)))))))))))),-20.3
UAAAGCUUUUCC,GGGGAGGUUUUG,((((((((((((,)))))))))))),-18.8
CGUCCAUCUUCG,UGGGGAUGGACG,((((((((((((,)))))))))))),-24.7
UCUGGGGUCCUG,CGGGGUCUUAGG,.(((((((((((,))))))))))).,-19.9
UGUAUAUAGUCU,GGAUUAUGUAUG,.(((((((((((,))))))))))).,-16.6
GAUGAUGUAGCU,GGUUGUGUCAUU,((((((((((((,)))))))))))),-14.7
UGUACGGUCUCG,UGGGGCUGUAUA,((((((((((((,)))))))))))),-21.2
UUCUUGCGCCUG,UGGGUGCAGGGA,((((((((((((,)))))))))))),-22.8
CGUCGUAGAUUU,AGAUCUGUGGUG,..((((((((((,))))))))))..,-13.4
GUAUGUUCUGGU,ACUGGGGUAUGC,((((((((((((,)))))))))))),-15.6
UGGUUCGCAGAA,UUCUGCGGGUUA,...(((((((((,)))))))))...,-18.4
UGGUCUUACGUG,UGUGUAGGAUCA,((((((((((((,)))))))))))),-16.2
GUGAGUGGUGGG,CCCAUCAUUUGU,..((((((((((,))))))))))..,-21.5
UGUUCUUCGUAG,CUGUGGAGGGCA,((((((((((((,)))))))))))),-18.4
GUUUGCUAUCUG,UGGAUAGCAAAU,((((((((((((,)))))))))))),-20.2
GAUAGUUGGGCU,GGUCCGGCUGUC,((((((((((((,)))))))))))),-23.0
UUAUGUAUGUGG,CUGUGUACAUGG,.(((((((((((,))))))))))).,-14.0
GUUGGACGCUGA,UCAGUGUCCAGU,.(((((((((((,))))))))))).,-24.2
AUUGUUUGGGCG,UGCUUAAAUGAU,((((((((((((,)))))))))))),-16.5
GCAGUGAGCUUU,GAGGCUUAUUGC,((((((((((((,)))))))))))),-21.6
AUAGCGUCAUGU,ACGUGGCGCUGU,((((((((((((,)))))))))))),-24.1
CAUUGGGGUGGG,UUUGCUUCAGUG,((((((((((((,)))))))))))),-16.8
CAGAUCUCUCCU,AGGGGAGGUUUG,((((((((((((,)))))))))))),-23.6
GCGAGUUACAGG,CUUGUAGUUCGC,((((((((((((,)))))))))))),-20.6
UUGCGUUGGGCA,UGCUUGGUGUAA,.(((((((((((,))))))))))).,-15.4
GCUUUGGUGGGC,GCCUGUUGAGGC,((((((((((((,)))))))))))),-18.9
GCAGUCGUGUUG,UGGUACGACUGU,((((((((((((,)))))))))))),-18.6
GGGUAGUGAAUU,GAUUCGCUGUUU,...(((((((((,)))))))))...,-15.1
UGGGAGUUAUGC,GCGUAGCUCCUG,.(((((((((((,))))))))))).,-24.9
AUAGGUGGUUGG,UUGACUGCCUAU,((((((((((((,)))))))))))),-18.6
GCCGUACUUGUU,GGCAAGUGCGGU,((((((((((((,)))))))))))),-23.8
GCCUGGCGAACG,UGUUUGUUGGGU,((((((((((((,)))))))))))),-20.6
GAGGUGGUCUUG,UAGGAUCGCCUC,((((((((((((,)))))))))))),-24.0
GGGUCUAACCGG,CUGGUUGGGUUC,((((((((((((,)))))))))))),-19.4
AGGCCGAAUAUU,GGUGUUUGGCUU,.(((((((((((,))))))))))).,-19.2
AAUGUUAGGAGC,GCUCUUAAUAUU,((((((((((((,)))))))))))),-20.8
GACACGUUGAGG,UUUUGACGUGUU,((((((((((((,)))))))))))),-18.6
CUUUAUUAGCAG,UUGUUGGUGAAG,((((((((((((,)))))))))))),-17.3
GGUCCUUUGACG,UGUCGAAGGACU,((((((((((((,)))))))))))),-24.5
UGGGACCUUGUG,CGCGAGGUUCUA,((((((((((((,)))))))))))),-23.8
CCAGAUGGUGGA,UUUGUUAUUUGG,((((((((((((,)))))))))))),-13.1
UGACUUAGGUCG,CGACUUGGGUCG,.(((((((((((,))))))))))).,-23.6
UGUGCGGCUAGA,UCUAGUCGUAUG,.(((((((((((,))))))))))).,-22.5
UGGGUCGUCAUG,CGUGGCGGCUCG,.(((((((((((,))))))))))).,-24.6
AUCAAUUUAGUA,UGUUGAGUUGAU,((((((((((((,)))))))))))),-13.6
UAUAAGGAUAAU,GUUGUUCUUGUA,((((((((((((,)))))))))))),-16.0
UCGUGGUAGGCA,UGCCUACCGUGG,.(((((((((((,))))))))))).,-23.7
AUUAUGAACAUG,CAUGUUUGUGAU,((((((((((((,)))))))))))),-17.9
GUGGGGUGUUGG,UUGGUGCUUCAC,((((((((((((,)))))))))))),-13.3
UUUCUUUCAGGU,ACCUGGGAGGAG,.(((((((((((,))))))))))).,-21.6
GCUUCAGAUUUG,CGAGUCUGAGGC,((((((((((((,)))))))))))),-24.0
UGUAGGUUUUGG,CUAGAGCUUAUG,.(((((((((((,))))))))))).,-18.0
AUUGGUUUUCCU,AGGAGGGUCGGU,((((((((((((,)))))))))))),-15.6
AUGUUGAAUUAG,UUAAUUUGAUGU,((((((((((((,)))))))))))),-12.4
AUCGUGGCUACG,CGUGGCCGUGGU,((((((((((((,)))))))))))),-22.5
UGCUUGGAGUUA,UAGCUUCAGGCA,((((((((((((,)))))))))))),-22.1
UGUUAUCAUGUG,CGCAUGGUAAUG,.(((((((((((,))))))))))).,-20.2
UUGAUACUGCGA,UUGCGGUAUCAA,.(((((((((((,))))))))))).,-22.2
GUUUUGUGCGUU,AACGUAUAGGAU,((((((((((((,)))))))))))),-17.9
AGCUCUAUUUGU,AUAGGUGGAGUU,.(((((((((((,))))))))))).,-18.4
GGUUCGUGGGUU,GGCUCGUGGACC,((((((((((((,)))))))))))),-18.7
UGAAGGCCUCGU,GUGGGGUUUUCG,.(((((((((((,))))))))))).,-17.7
GAGUGGAGCACG,UGUGUUUCGUUU,....((((((((,))))))))....,-16.4
UUAGAGGUAUGU,AUGUGUCUUUAA,.(((((((((((,))))))))))).,-12.7
UCUCGGGCAUGU,GCGUGUCCGGGG,.(((((((((((,))))))))))).,-24.5
UCUAGUGUCGCU,GGCGAUAUUGGG,.(((((((((((,))))))))))).,-21.6
UGUCGUACUGAU,GUUGGUGCGAUA,((((((((((((,)))))))))))),-19.2
UAAGCGUGCUUU,GAAGUACGCUUA,((((((((((((,)))))))))))),-21.9
UUCUGAGUGGUC,GGCUGCUCGGGG,.(((((((((((,))))))))))).,-22.4
CCUAAGAGUUUG,UAAGUUCUUGGG,((((((((((((,)))))))))))),-16.9
GGUUAGCGUAAU,GUUAUGCUAGCU,((((((((((((,)))))))))))),-20.2
GGGAUUCGAGGU,GUCUCGGAUUCC,((((((((((((,)))))))))))),-19.4
UAUUGCGCUUCA,UGAAGUGUAGUG,((((((((((((,)))))))))))),-20.4
GGCUAGGGGAAG,UUUCCCUUAGCU,((((((((((((,)))))))))))),-24.9
CUCCAUCUGGAG,UUUCGGAUGGGG,((((((((((((,)))))))))))),-22.7
UAGGGUGCAUUG,UAAUGUACCCUG,((((((((((((,)))))))))))),-23.3
CGGUUCAGUCAC,GUGGCUGGAUUG,((((((((((((,)))))))))))),-22.7
UGUUCAGAGGGU,GCCUUUUGAACA,((((((((((((,)))))))))))),-21.9
GCGACGAGGGGU,ACCUUUUGUUGU,((((((((((((,)))))))))))),-21.5
UUCAGGCUGGAC,GUUCGGCUUGAA,.(((((((((((,))))))))))).,-23.7
UUCGUUAUGGGA,UUUUAUAACGGG,.(((((((((((,))))))))))).,-16.2
CUUUGGGGUAGU,AUUGUUCCGAAG,((((((((((((,)))))))))))),-15.9
CAGAGGUCGUCG,CGGUGGUCUCUG,((((((((((((,)))))))))))),-18.6
AGGACUUGGUGU,AUAUUAGGUCCU,((((((((((((,)))))))))))),-20.7
GGUGGUGGUGGU,ACUACUACCGUU,...(((((((((,)))))))))...,-20.8
UGUGGUUGGAGA,UCUCCAGUCGUG,...(((((((((,)))))))))...,-17.6
UAUAUGCUUCCU,GGGGAGCGUGUA,((((((((((((,)))))))))))),-22.0
UGUAUUGCUUAC,GUAGGCAGUACG,.(((((((((((,))))))))))).,-22.8
UUAUAUGAGUCU,AGAUUUGUGUAG,.(((((((((((,))))))))))).,-16.3
GUACGUAAAAUU,GAUUUUGUGUAU,((((((((((((,)))))))))))),-12.9
GGAGUUUUGGCU,GGCCGAAAUUCU,((((((((((((,)))))))))))),-21.6
UUCCGUUUGGCU,GGCCGAGCGGAA,.(((((((((((,))))))))))).,-25.5
UAUGGGGAUGCA,UGCGUUUCCGUG,((((((((((((,)))))))))))),-21.2
UGGGGCGAUUCC,GGGGUUGCUUUA,((((((((((((,)))))))))))),-20.5
GGUACGUGUAGC,GUUGCACGUGCC,((((((((((((,)))))))))))),-26.4
UAUUUUGAGUUA,UAAUUCAGGAUG,((((((((((((,)))))))))))),-15.7
UCUUGGAUGGAU,GUCCGUUCGGGA,((((((((((((,)))))))))))),-20.9
UUGUCAUUGGUU,GGUCAGUGGUGA,...(((((((((,)))))))))...,-10.8
CUGGGCUGACAG,UUGUUAGUCUAG,((((((((((((,)))))))))))),-21.8
UGUCUUCCUCGA,UUGAGGAGGGCA,((((((((((((,)))))))))))),-24.2
UUCCGCCCGAGU,GCUUGGGUGGGG,.(((((((((((,))))))))))).,-25.4
AGUUUUGUCGGG,UCCGGUAGAGUU,..((((((((((,))))))))))..,-14.3
GUGAAGAGUCUG,CAGGUUCUUCAU,((((((((((((,)))))))))))),-20.0
GGGGAUGUUCAC,GUGGGUGUUUCC,((((((((((((,)))))))))))),-16.8
CUCUUUGUAGUU,AGUUACGAAGGG,((((((((((((,)))))))))))),-15.9
GCAGGAAUACUG,CGGUGUUUCUGC,((((((((((((,)))))))))))),-23.6
UUUUGCACUCGG,CUGGGUGUGGGG,.(((((((((((,))))))))))).,-19.3
UUUAGUGAAGUG,UGCUUUACUGAG,.(((((((((((,))))))))))).,-17.9
CAAGGUGAGAUU,GAUUUCAUUUUG,((((((((((((,)))))))))))),-16.6
GAUGAGUUGCGC,GUGUGACUUGUC,((((((((((((,)))))))))))),-20.6
CGUUUUCGCUGU,ACGGCGAGAGUG,..((((((((((,))))))))))..,-19.7
CGGUAUUUGCUU,AGGCGGAUGCCG,((((((((((((,)))))))))))),-22.8
GUCGUCAUGUAU,GUAUAUGGUGGC,((((((((((((,)))))))))))),-16.2
CUUUUGGGUGGU,GCUACCCGAGGG,((((((((((((,)))))))))))),-22.6
UUGUUUUGUGAU,AUCAUGAGACAA,.(((((((((((,))))))))))).,-17.9
AGUCCCACGUUC,GAGUGUGGGAUU,.(((((((((((,))))))))))).,-22.1
UCUGACGGGUGU,AUGCUUGUCAGA,((((((((((((,)))))))))))),-21.5
GUCGGGUUUGAA,UUCAGGCUUGAU,((((((((((((,)))))))))))),-19.3
GUGGCGUUGCUU,AGGCGGCGUCAC,((((((((((((,)))))))))))),-24.4
UUUUAUAAUGUA,UGUAUUGUAGAA,.(((((((((((,))))))))))).,-11.8
CCGGUGCUCAUG,CAUGAGUGUUGG,((((((((((((,)))))))))))),-20.1
CUGGGGAUUUCC,GGGGAUCUUCGG,((((((((((((,)))))))))))),-21.8
CUAGUGUGAUUA,UGAUUACGCUAG,((((((((((((,)))))))))))),-20.3
UGGAGAUUGCUG,UGGCGAUCUCUG,.(((((((((((,))))))))))).,-21.6
CUCAUCUAGUUG,UAGCUAGAUGGG,((((((((((((,)))))))))))),-22.1
GAGUUGUGUUUG,UAAACAUGACUU,((((((((((((,)))))))))))),-17.9
AGUCUUGGGUUU,AAACUUGAGACU,((((((((((((,)))))))))))),-19.1
UAUCUUUUGGUU,AGUUAAGGGGUA,((((((((((((,)))))))))))),-11.8
AUGCGUUAAUUA,UGGUUAGUGUGU,((((((((((((,)))))))))))),-11.9
ACGCGAACGUCA,UGGUGUUUGCGU,((((((((((((,)))))))))))),-20.0
CGGUAGCGUCCA,UGGGUGUUGCCG,((((((((((((,)))))))))))),-22.3
GGUUUGCUUCCG,UGGAAGUGAACC,((((((((((((,)))))))))))),-23.3
GAAUAUUGCGCG,CGUGCAGUAUUU,((((((((((((,)))))))))))),-22.1
AUGGGUGGGAUU,AAUCUUGUUUGU,......((((((,))))))......,-10.5
CCCUGUCAUUAG,CUGGUGAUAGGG,((((((((((((,)))))))))))),-24.8
CGGCGGUUGGAU,AUUUGACCGUUG,((((((((((((,)))))))))))),-19.4
GGUUAGUGCCAU,AUGGCGUUGAUC,((((((((((((,)))))))))))),-19.0
UAAACUUUUGGU,GUCGAAAGUUUA,((((((((((((,)))))))))))),-13.9
GUAGUGGAGGUG,CAUUUCCGCUGU,.(((((((((((,))))))))))).,-21.6
UUGUGUACUGAC,GUCAGUGUGCGG,.(((((((((((,))))))))))).,-18.9
UAAGUGUGGUGA,UUGUUAUGUUUA,((((((((((((,)))))))))))),-6.3
AUGGUUCUUUUA,UAGGGGAAUCGU,((((((((((((,)))))))))))),-16.5
UCCUCGUGUGUG,CGCGUGCGAGGA,((((((((((((,)))))))))))),-22.5
GGAUAUGUUGCG,UGCGAUGUAUCC,((((((((((((,)))))))))))),-21.4
AACUAGGUCACU,GGUGGCUUGGUU,((((((((((((,)))))))))))),-21.1
ACCAUGUUCUUG,CGGGAGUAUGGU,((((((((((((,)))))))))))),-19.1
UUGCCCGUUCUG,UGGGAUGGGUAA,.(((((((((((,))))))))))).,-21.3
UUGGUUGGUCAG,UUGAUUAAUUAA,.(((((((((((,))))))))))).,-15.6
AGUAGUUUCAGA,UUUGAGGUUAUU,.(((((((((((,))))))))))).,-12.7
UCGGCGUGGGCG,UGUUUGUGCUGA,((((((((((((,)))))))))))),-16.8
CCGAUAAUUAGU,GUUAGUUGUUGG,((((((((((((,)))))))))))),-14.2
AGGGUCUUGAUC,GAUCGGGGCCCU,((((((((((((,)))))))))))),-26.2
GGUCAUAUUAUU,GGUGGUGUGGCU,((((((((((((,)))))))))))),-17.2
GAUCGUGCUGUG,CGUAGCAUGAUU,((((((((((((,)))))))))))),-20.0
GAUCCCAUUGGU,ACUGGUGGGGUU,((((((((((((,)))))))))))),-21.5
CCUGGUUAUCGU,GCGGUAACCGGG,((((((((((((,)))))))))))),-24.6
GGCUACCGUUUC,GAGGUGGUGGUC,((((((((((((,)))))))))))),-20.3
UGUUUUCUUGAG,CUUGGGAAGAUA,((((((((((((,)))))))))))),-17.0
UUGGGGUUAUAA,UUGUGAUUUUGA,((((((((((((,)))))))))))),-12.0
UUUGUCCUGCAG,UUGUGGGGCGGA,((((((((((((,)))))))))))),-20.3
GAUUAUUACAAU,GUUGUGAUAGUC,((((((((((((,)))))))))))),-18.0
GGGCUGUGUGCA,UGUAUGUAGUCU,((((((((((((,)))))))))))),-17.1
GUAGGGUCGCGA,UCGUGAUUCUAU,((((((((((((,)))))))))))),-21.8
UUGUUUUGUACC,GGUGUGGAGUGA,...(((((((((,)))))))))...,-11.5
GUGGCGGGUUUC,GAAACUUGUUAU,((((((((((((,)))))))))))),-19.4
GGAUUUGGUGAU,GUCGUCAGGUUC,((((((((((((,)))))))))))),-15.1
ACAGGGUGAUUU,GAAUCAUUUUGU,((((((((((((,)))))))))))),-16.9
UGCUUGUUAAUU,AGUUAGCGGGUG,.(((((((((((,))))))))))).,-17.3
GGUUAUUGGGGA,UUUCUAAUAGUU,..((((((((((,))))))))))..,-13.4
CAUUUGUUUAAU,AUUGGGCGAGUG,((((((((((((,)))))))))))),-16.5
UUAGUAGGUUCU,GGGGCCUGCUAA,.(((((((((((,))))))))))).,-21.7
GUUUAACCGUUU,AAAUGGUUAAGC,((((((((((((,)))))))))))),-19.5
CUAUGCUGGGUA,UGUCUGGCGUAG,((((((((((((,)))))))))))),-17.7
CUGUCGCGAUAC,GUAUUGCGGUAG,((((((((((((,)))))))))))),-20.5
UAUUGAGGUGAU,GUCGUCUCGGUG,((((((((((((,)))))))))))),-16.0
UCUGCAGGAUGU,ACAUUCUGUGGG,.(((((((((((,))))))))))).,-21.4
GGCGCAGUUUUA,UAGGGCUGCGUU,.(((((((((((,))))))))))).,-21.1
GUCGAGGGAAGA,UUUUCUUUCGGC,((((((((((((,)))))))))))),-20.2
GGGCCGUUGUGA,UCGCAGCGGUCU,((((((((((((,)))))))))))),-25.8
CUGUGCUUGCGG,CCGUAGGUACAG,((((((((((((,)))))))))))),-26.0
UUUGGCGGGACG,CGUCUCGUUAGA,((((((((((((,)))))))))))),-22.6
GAGGCCCAUCAG,UUGGUGGGUCUC,((((((((((((,)))))))))))),-26.1
UGGUUUGGGCGC,GUGUCUAAGCUA,((((((((((((,)))))))))))),-21.7
GUUUUAUUCGGU,GUCGAAUAGAGC,((((((((((((,)))))))))))),-15.6
UGUAGCGUGAGG,CCUUACGCUGUG,..((((((((((,))))))))))..,-23.1
UGUGCUGGUCGG,UCGGUCAGUAUA,((((((((((((,)))))))))))),-18.5
GUGGCAUCGGUC,GGUCGGUGCCAU,((((((((((((,)))))))))))),-22.9
GCGUUGGGCGUU,AGCGUUCAAUGC,((((((((((((,)))))))))))),-22.4
GAACCAGGAGGU,GUCUCUUGGUUU,((((((((((((,)))))))))))),-19.0
CUAAGUGGAUUC,GGAUUCGCUUAG,((((((((((((,)))))))))))),-21.1
AGGGUCAAUUUC,GAGAUUGGUCCU,((((((((((((,)))))))))))),-19.1
GCCAUAGUGGUA,UGCCGUUAUGGU,((((((((((((,)))))))))))),-20.3
CUCUACAUGCUC,GAGUGUGUGGGG,((((((((((((,)))))))))))),-23.2
AUUAAAAUAGGG,UUUUAUUUUGAU,((((((((((((,)))))))))))),-12.9
CUUGGUUUGAUC,GAUCGAAUUGGG,((((((((((((,)))))))))))),-17.8
UCUGUUUUGAAU,GUUCAGAACGGG,.(((((((((((,))))))))))).,-19.1
UGCUGUGUUGCG,CGCAACAUAGUA,((((((((((((,)))))))))))),-24.8
GGGCGGGUAAGC,GCUUACUCGCUU,.(((((((((((,))))))))))).,-25.7
CCGUGUAUCGUC,GGUGAUGUAUGG,((((((((((((,)))))))))))),-16.0
AUUGGUCCCUUG,CGAGGGGUCAAU,((((((((((((,)))))))))))),-20.9
GAUGUCCUGAGU,GUUUAGGGCGUU,((((((((((((,)))))))))))),-16.9
UGGUUCUGUCAG,CUGGUAGAGUCG,.(((((((((((,))))))))))).,-16.4
GUUCGCUCCGUC,GGUGGAGCGGAC,((((((((((((,)))))))))))),-24.3
UGCUGUAGUAUG,CAUGCUACGGUG,.(((((((((((,))))))))))).,-22.8
CUAAUGGUUCUU,GAGAACUAUUAG,((((((((((((,)))))))))))),-19.7
AUGGUGCCUUCG,CGGAGGUAUUAU,((((((((((((,)))))))))))),-21.8
GUAUUGUGGCGG,UUGUCACGAUAC,((((((((((((,)))))))))))),-20.8
AGUUUUAAUGAU,GUUGUUGAAGUU,..((((((((((,))))))))))..,-10.9
GCACUGUAAUGU,GCGUUGCGGUGC,((((((((((((,)))))))))))),-23.2
GAGAUGUGGUGG,UCGUCACAUUUU,((((((((((((,)))))))))))),-16.6
AGUUAUCGUGGU,GUCGCGGUGAUU,.(((((((((((,))))))))))).,-15.6
UUGCCGUGUGGU,GCCAUGUGGCGA,((((((((((((,)))))))))))),-20.3
GGCAUGUAGUGC,GCGCUAUGUGCU,((((((((((((,)))))))))))),-24.4
GCUUGACUUCGC,GUGAGGUUGAGC,((((((((((((,)))))))))))),-23.1
AUUUGCGUGCUG,UAGCAUGUAGAU,((((((((((((,)))))))))))),-20.7
UCUGGGCGCAGG,UUUGCGUCUGGG,.(((((((((((,))))))))))).,-21.7
UGUGUAGGAAUG,CGUUCUUAUGUA,...(((((((((,)))))))))...,-16.0
ACACCAAUUCAU,AUGGGUUGGUGU,((((((((((((,)))))))))))),-22.1
GCACCUACUAGA,UCUGGUGGGUGC,((((((((((((,)))))))))))),-26.9
UGAGGGGUAAGU,AUUUGCUUCUCG,.(((((((((((,))))))))))).,-19.7
GCUCUGCCUGGA,UUUAGGUGGAGC,((((((((((((,)))))))))))),-23.4
CUUUUAUGUUUU,AAGGCAUGAGAG,((((((((((((,)))))))))))),-17.2
UUCCUGCUGGCU,AGUCAGUGGGAG,.(((((((((((,))))))))))).,-24.0
UCGGACAUGCGC,GCGUAUGUUUGG,.(((((((((((,))))))))))).,-23.5
UAUGUUUUAUGG,UCGUAGGAUAUG,((((((((((((,)))))))))))),-15.3
UCGUAGGGAUUU,AAGUCUCUAUGG,.(((((((((((,))))))))))).,-19.8
GGGUUCGGCUCC,GGAGUUGAGUCC,((((((((((((,)))))))))))),-22.8
GCUAAAUUGGCC,GGCUGGUUUAGC,((((((((((((,)))))))))))),-23.1
CCGUUCUUGUGA,UUGCGGGAAUGG,((((((((((((,)))))))))))),-19.9
GGUCGUGCUCUG,UAGGGCGCGGCU,((((((((((((,)))))))))))),-25.3
GCUGUUUGCGGG,CCUGUGGGUGGC,((((((((((((,)))))))))))),-18.1
AGUGUAUAGCUA,UGGCUGUACAUU,.(((((((((((,))))))))))).,-21.2
UUGGAGUCGGUA,UGUCGGCUUUGG,..((((((((((,))))))))))..,-14.8
GGUUGGUUCAUG,CAUGGAUUAAUC,((((((((((((,)))))))))))),-19.0
UACCGUGGCGUA,UACGUCAUGGUA,((((((((((((,)))))))))))),-24.1
UUGGCCUAGGAG,UUCUUGGGUUAG,.(((((((((((,))))))))))).,-19.9
GAGUGAUCCGUU,AGCGGAUUGCUU,((((((((((((,)))))))))))),-21.9
ACCCAGUGCUUU,GGAGUACUGGGU,((((((((((((,)))))))))))),-24.4
GUGGUUAGGGUU,AAUCCUAACUAC,((((((((((((,)))))))))))),-22.1
AAGCGGAUGAAG,UUUCAUCUGCUU,((((((((((((,)))))))))))),-22.2
CAUAUUAGGGUU,GAUCCUGGUAUG,((((((((((((,)))))))))))),-19.3
UGGGGAAUUGGG,UCUGAUUCUCCA,((((((((((((,)))))))))))),-20.8
ACAUACGAGACG,UGUCUUGUGUGU,((((((((((((,)))))))))))),-22.5
UUGCCAAGUUGU,ACAGUUUGGUGG,..((((((((((,))))))))))..,-16.5
AUGCUAUAUGCU,AGUGUGUAGCGU,((((((((((((,)))))))))))),-20.4
AUUACAGGCUGG,CUGGUCUGUGGU,((((((((((((,)))))))))))),-20.9
UUUUGAGAUAUG,UAUGUCUCAGGA,((((((((((((,)))))))))))),-18.7
GGUAGUAUGGUU,GAUCGUACUGUU,..((((((((((,))))))))))..,-16.0
CGGUCGACUUUU,GAGAGUUGGUUG,((((((((((((,)))))))))))),-14.6
CAUUUGAUAGUG,CGCUGUCGAAUG,((((((((((((,)))))))))))),-21.8
GGCCACGUUGCG,CGUAGUGUGGUU,.(((((((((((,))))))))))).,-21.1
GAUUCGUAGCUC,GGGCUGUGAAUU,((((((((((((,)))))))))))),-19.5
GACGUUGGGAGG,UCUUUCAACGUU,((((((((((((,)))))))))))),-20.8
UGCAUAGUAUAG,UUAUGCUAUGUG,.(((((((((((,))))))))))).,-19.2
UAUCUUCGCCUU,AAGGUGGGGAUG,((((((((((((,)))))))))))),-21.5
UCUUUGCUCUUU,AGAGAGUGAGGG,.(((((((((((,))))))))))).,-19.4
UUGUUUCGGAUU,GAUUUGAGACGG,.(((((((((((,))))))))))).,-16.3
CUUGCGUUUGGG,CUCGAGUGCGGG,((((((((((((,)))))))))))),-18.6
AAGCGUGGACGC,GCGUUUGCGUUU,((((((((((((,)))))))))))),-22.0
UGAAAAUUGUCU,AGACGGUUUUCG,.(((((((((((,))))))))))).,-19.8
UGCUUUUGGGGU,AUCCCAAGGGCG,.(((((((((((,))))))))))).,-23.8
GUGAGCCUGAUG,CAUCGGGUUUAU,((((((((((((,)))))))))))),-22.9
GUUUGGUUAGGU,ACCUGGUCGAAC,((((((((((((,)))))))))))),-18.3
CCGUCAUGUUAU,GUAACGUGGCGG,((((((((((((,)))))))))))),-22.7
CACGAGCUUUUA,UGAAGGCUCGUG,((((((((((((,)))))))))))),-23.5
UGGGUAAUUUGC,GCAGAUUACUUG,.(((((((((((,))))))))))).,-19.9
CUAUAGUUGGCC,GGUUAAUUAUGG,((((((((((((,)))))))))))),-19.8
UUAUCCCGGCGG,UUGUUGGGAUGG,.(((((((((((,))))))))))).,-21.2
CGCUCAGUGGUA,UACCGCUGGGCG,((((((((((((,)))))))))))),-27.3
UUAAUAUGCUGC,GUAGUAUAUUGG,.(((((((((((,))))))))))).,-19.1
ACGUGUUGAGUU,GGCUUAAUACGU,((((((((((((,)))))))))))),-19.3
AAUAGGACAUAG,UUAUGUCUUGUU,((((((((((((,)))))))))))),-18.5
GCUCUGUUAUUG,CAGUGAUGGAGU,((((((((((((,)))))))))))),-20.3
GAUUGGUUCCAG,UUGGAAUCAGUC,((((((((((((,)))))))))))),-22.0
UUGACUCUCGGG,UUUGGGAGUCAA,.(((((((((((,))))))))))).,-21.0
GCCAGGUCGGAU,AUUUGGUCUGGU,((((((((((((,)))))))))))),-18.7
UGCACGUAGAGU,AUUUUGCGUGCG,.(((((((((((,))))))))))).,-22.2
CCUUCUUUCUGG,UCGGGAAGAGGG,((((((((((((,)))))))))))),-22.5
CUGGUGAGUAUA,UGUAUUCAUUAG,((((((((((((,)))))))))))),-18.2
UUCAUGGGAGAU,AUUUCCUGUGGG,.(((((((((((,))))))))))).,-19.2
AGGUUUGGGAGC,GUUUUCGGGCCU,((((((((((((,)))))))))))),-20.3
GUUCGUGGGCGU,GUGCUCACGGAU,((((((((((((,)))))))))))),-19.8
GGUUUAGUUGAG,UUCGGCUAGGCC,((((((((((((,)))))))))))),-21.0
UCUCUCUUUGUU,AGCGGAGAGGGG,.(((((((((((,))))))))))).,-21.2
AGGUUUGUUUCU,AGGGGCGAAUCU,((((((((((((,)))))))))))),-18.4
UAUUUCUAGAGG,CUUUUAGGGAUG,((((((((((((,)))))))))))),-17.1
CUCAUGUGGACG,UGUUUAUGUGAG,((((((((((((,)))))))))))),-18.8
UUGUGUCUUGGC,GCUAGGACACGG,.(((((((((((,))))))))))).,-24.1
UACGGGAGGGGU,ACUUCUUCUGUA,((((((((((((,)))))))))))),-20.9
UGGUUGGGCGAG,CUCGUCUGACCA,((((((((((((,)))))))))))),-25.3
CGGGAUGUGUCU,AGACAUGUCUUG,((((((((((((,)))))))))))),-20.9
GGUUAUGGCGUU,AGCGUUAUGGCU,((((((((((((,)))))))))))),-19.4
CUCGUUCAAUGU,ACAUUGGGUGGG,((((((((((((,)))))))))))),-17.3
AGGAGCGGUGGC,GCCGCCGUUUCU,((((((((((((,)))))))))))),-27.9
GUUCGGAUUCUA,UAGAGUUUGAAU,((((((((((((,)))))))))))),-18.2
CGUAAUGCGAUU,GGUUGUAUUGCG,((((((((((((,)))))))))))),-18.3
AGUCCGCUGAAG,UUUUAGUGGGCU,((((((((((((,)))))))))))),-22.0
UUUAGUUGGUUU,AAAUUGGCUAAA,.(((((((((((,))))))))))).,-14.4
CGGGUUCUGUGU,GCGUGGAAUCCG,((((((((((((,)))))))))))),-18.6
ACGUUCGACUUU,GGGGUCGAACGU,((((((((((((,)))))))))))),-22.0
GCGUUGUAGUGU,AUAUUACAAUGU,((((((((((((,)))))))))))),-18.9
UUGCUACCUGUG,CAUGGGUAGUGG,..((((((((((,))))))))))..,-21.2
UAGGUGCGAAUG,UGUUCGUGCCUA,((((((((((((,)))))))))))),-21.0
UUUCGGUAGUUG,CGGCUGCUGAAA,.(((((((((((,))))))))))).,-21.5
UAGGAUUGCCGC,GUGGCGGUUUUA,((((((((((((,)))))))))))),-21.2
GGCUUAAAUUGG,UCAGUUUAAGUC,((((((((((((,)))))))))))),-19.0
GGGAGCUUGGGG,UUUCAAGUUCCU,((((((((((((,)))))))))))),-21.3
CGAUUUUGCUUC,GGGGCAAGAUCG,((((((((((((,)))))))))))),-22.4
UGUUGGUUGGUC,GGUUAAUUGAUA,((((((((((((,)))))))))))),-11.5
UAUUUCUCGUUU,AGGUGGGAAAUG,((((((((((((,)))))))))))),-13.8
UUGUGGGUGUCA,UGGCGCUUAUAG,.(((((((((((,))))))))))).,-19.5
AAUGUCUUUUAG,CUGGAGGACAUU,((((((((((((,)))))))))))),-20.0
GGUUCGUAGUAA,UUGUUACGAGUC,((((((((((((,)))))))))))),-13.3
UAGGAGUGUGCU,AGUGUAUUCCUA,((((((((((((,)))))))))))),-17.8
UAAGUGGCAUUU,AGGUGCUGCUUG,((((((((((((,)))))))))))),-19.0
UACGGUGUUCGA,UUGAGCACUGUA,((((((((((((,)))))))))))),-22.0
CGUCCAGGGCGG,CUGCUCUGGACG,((((((((((((,)))))))))))),-29.2
UUGGCUCAGGUU,AGCCUGGGUCAA,.(((((((((((,))))))))))).,-24.0
CUUACUGAAUUU,GAGUUUGGUGGG,((((((((((((,)))))))))))),-15.4
AUCUUCGCGGAG,UUUUGCGGGGAU,((((((((((((,)))))))))))),-20.0
UGGAGGCGAGUU,GAUUCGUUUUCG,.(((((((((((,))))))))))).,-18.3
AUGUUCUUUGAU,GUUAAAGAGUAU,((((((((((((,)))))))))))),-13.2
UCGAGGAGUUCU,AGAAUUCUUUGA,((((((((((((,)))))))))))),-20.3
UUUUAGCCUGGG,CUCGGGCUAGGA,((((((((((((,)))))))))))),-23.3
GGUAAAGAGGUU,AAUCUCUUUGCU,((((((((((((,)))))))))))),-20.5
GUUCUCUGGUAU,AUACUAGGGAGU,.(((((((((((,))))))))))).,-19.7
GGGCUUUAGGCC,GGUCUGGGGCUC,((((((((((((,)))))))))))),-24.6
GGGAACCGGUGC,GCAUUGGUUUCC,((((((((((((,)))))))))))),-25.4
GUGUGUCGAAGC,GCUUCGAUGCAC,((((((((((((,)))))))))))),-25.6
GGGUAGUUUCAG,UUGAGACUAUCU,((((((((((((,)))))))))))),-20.4
CGUUACUCAGUC,GGUUGAGUAAUG,((((((((((((,)))))))))))),-18.7
GGGCUAUUUGGG,UUCAAGUAGCUU,.(((((((((((,))))))))))).,-19.4
CUUUGCCGAUGA,UCGUCGGUGGAG,((((((((((((,)))))))))))),-22.4
AUGAAUGGGCAA,UUGUCUAUUUAU,((((((((((((,)))))))))))),-18.0
UUACUAGCGUUA,UGAUGUUGGUAA,.(((((((((((,))))))))))).,-18.3
GGGUGUACCUCU,AGGGGUACGCUU,.(((((((((((,))))))))))).,-24.1
UAUCGUGUCUCU,AGGGGCGCGAUG,((((((((((((,)))))))))))),-23.2
CUGGUCCGUCGU,GCGAUGGAUCGG,((((((((((((,)))))))))))),-24.5
GCGGUUUGAUUG,CAGUUAGACCGU,((((((((((((,)))))))))))),-22.4
GUUCCGCGUCAC,GUGGUGUGGAGC,((((((((((((,)))))))))))),-22.7
GCUUGGAGGUGA,UUACCUUCAGGU,((((((((((((,)))))))))))),-22.5
UAGGUGCAUAGU,AUUGUGUGUCUG,((((((((((((,)))))))))))),-14.7
AGGCUUGGGCAA,UUGCCUGGGCUU,.(((((((((((,))))))))))).,-22.8
GAUGGCCGAGUU,AGUUUGGUUGUC,((((((((((((,)))))))))))),-15.6
GUAUAGGGCUUA,UAAGUCCUAUGC,((((((((((((,)))))))))))),-22.6
ACCUGCUAUUGC,GCGAUAGCGGGU,((((((((((((,)))))))))))),-26.6
CUCUCCUAGGCU,AGUUUGGGAGAG,((((((((((((,)))))))))))),-24.3
CUCGGCAUGGUG,CGUCGUGUCGGG,((((((((((((,)))))))))))),-20.7
UAUACUGCUUUG,CGAGGUAGUGUA,((((((((((((,)))))))))))),-20.6
UGGUCCUGAUUG,CAAUUGGGGUUG,...(((((((((,)))))))))...,-16.3
AUGGAGGCAGAA,UUUUGUCUUCAU,((((((((((((,)))))))))))),-19.5
CUAGGGGACGUU,AGCGUCCCUUGG,((((((((((((,)))))))))))),-25.7
CGGAGUGAUAGG,UUUAUCGUUUUG,((((((((((((,)))))))))))),-13.1
GCGCUGAGUCUA,UAGGCUCGGCGU,((((((((((((,)))))))))))),-26.2
GAUGUACCUAAC,GUUGGGUGUAUC,((((((((((((,)))))))))))),-20.0
UGGUUUGCGGAU,AUUCGUGAACCA,((((((((((((,)))))))))))),-21.0
UGCACUAUGCCU,AGGUAUAGUGUG,.(((((((((((,))))))))))).,-23.7
UCGCUUCGUAGG,UUUGCGGGGCGG,.(((((((((((,))))))))))).,-21.7
UUUUGUUACUUA,UAAGUGAUGGAG,.(((((((((((,))))))))))).,-15.2
UGCGUUCUAGAG,CUCUAGGAUGUG,.(((((((((((,))))))))))).,-22.6
AUAUUGGUGGUC,GGCCGUCGGUGU,((((((((((((,)))))))))))),-18.2
CACGGCUCCUGG,CUAGGAGUUGUG,((((((((((((,)))))))))))),-25.9
AGCGCUUGUCCG,CGGAUGGGUGCU,((((((((((((,)))))))))))),-24.9
UUGUUCGUUAUA,UGUAAUGAACAG,.(((((((((((,))))))))))).,-18.5
UGCUUGUUUAUG,UGUAGAUGAGCA,((((((((((((,)))))))))))),-17.1
GCAGGACUCGAG,CUCGGGUUUUGC,((((((((((((,)))))))))))),-24.8
GGGAUGUAGUUU,GGGUUGCGUCUC,((((((((((((,)))))))))))),-14.9
GUCUUCUUCGGU,AUUGAGGGAGAU,((((((((((((,)))))))))))),-19.8
UGUGUUACAGUA,UGUUGUGGCGCA,((((((((((((,)))))))))))),-17.1
UAACUUGGGCUC,GGGUUCGGGUUA,((((((((((((,)))))))))))),-20.1
CUUGUUCUCGGC,GUCGGGAGUGGG,((((((((((((,)))))))))))),-18.1
UUGGUAGUAUGC,GUGUACUGUUAA,.(((((((((((,))))))))))).,-15.0
GUGGAUGUUAUA,UGUAGUGUUCGU,..((((((((((,))))))))))..,-11.4
AGGGUGUCCACA,UGUGGACGUCUU,.(((((((((((,))))))))))).,-21.2
UGUUUUGUUUGA,UUGGACAAGACA,((((((((((((,)))))))))))),-16.7
CAGUGGGGUGGC,GCUGUCUUGUUG,((((((((((((,)))))))))))),-13.2
UGGGCGACUGUC,GGUGGUUGUUCA,((((((((((((,)))))))))))),-17.1
CCGCAUUGAGUC,GACUUAGUGUGG,((((((((((((,)))))))))))),-24.4
CCUGCGUUGGGU,GCCUAACGUGGG,((((((((((((,)))))))))))),-24.3
GGGGACCGCUUU,GGAGUGGUCCUU,.(((((((((((,))))))))))).,-23.6
UCGGUAUGCCUG,UGGGCGUGUCGG,.(((((((((((,))))))))))).,-19.7
AUGAUAUGUCUG,UGGACAUAUUGU,((((((((((((,)))))))))))),-17.2
UGGGCUGCGCCG,UGGUGCAGUCCG,.(((((((((((,))))))))))).,-28.3
UACACGAAACUG,UAGUUUUGUGUG,((((((((((((,)))))))))))),-20.1
AGUCGCUCGGCG,UGUUGGGCGGUU,..((((((((((,))))))))))..,-20.1
UCUUGUGCCAUG,CAUGGUGUGAGA,((((((((((((,)))))))))))),-18.7
UGGUAGUUGGCG,UGCCAAUUACUA,((((((((((((,)))))))))))),-22.5
AACUGUAGUUUA,UGGGCUGCAGUU,((((((((((((,)))))))))))),-19.9
AGGAAUAUAUAG,UUGUGUGUUUCU,((((((((((((,)))))))))))),-16.4
UUUAGUGUCUAA,UUGGAUGCUAAG,.(((((((((((,))))))))))).,-17.8
UUGCGGUAUCCG,CGGAUACUGCGG,.(((((((((((,))))))))))).,-25.7
GUCUUUCUGUGG,UUACGGAAGGAC,((((((((((((,)))))))))))),-21.1
UUUGUUUUGUUG,UGGCAGAGUAAA,.(((((((((((,))))))))))).,-11.7
ACUGUUUGGUUU,GAGUUGAGUGGU,((((((((((((,)))))))))))),-7.2
CGCGCAUUUAGG,UCUGGGUGUGUG,((((((((((((,)))))))))))),-20.2
GGCCGGGAAGCU,AGUUUCUCGGUU,.(((((((((((,))))))))))).,-23.7
AGAUGCAUUGUG,UACGGUGCGUUU,.(((((((((((,))))))))))).,-19.6
UAAAUUUUGUGU,GCAUGGGGUUUA,((((((((((((,)))))))))))),-13.5
CGAACAGGUUGU,AUAAUCUGUUUG,((((((((((((,)))))))))))),-19.4
CCAUGGUAGAUG,CAUCUGCUGUGG,((((((((((((,)))))))))))),-24.0
GGCGAUUAUUUA,UAAGUGAUUGCU,((((((((((((,)))))))))))),-18.3
UGAAGUGUUGAG,UUCGGUACUUCG,.(((((((((((,))))))))))).,-17.0
UUAAUGCAGAGA,UCUCUGCGUUGG,.(((((((((((,))))))))))).,-22.7
ACUGUUGUUUGU,ACAGGCGACGGU,((((((((((((,)))))))))))),-21.2
UCGUGUUUGCCC,GGGUGGGUAUGG,.(((((((((((,))))))))))).,-17.9
GAUUGGUGUAGG,CCUACAUUGAUU,((((((((((((,)))))))))))),-20.0
UAUGGGGUUAUU,GGUGGUCCCAUA,((((((((((((,)))))))))))),-16.5
GGUGACGGUGUG,CACGCCGUUAUU,.(((((((((((,))))))))))).,-24.2
CCUGAAAUCCCG,UGGGAUUUCGGG,((((((((((((,)))))))))))),-25.8
UUGUGAUGGUGG,CCACUAUUACAA,.(((((((((((,))))))))))).,-23.1
GUUAAUGGCGAC,GUUGUCAUUGAU,((((((((((((,)))))))))))),-20.3
GCUUUUGCGAUU,GAUUGCAGAAGU,((((((((((((,)))))))))))),-19.8
GGUAUUGCGUAG,UUAUGUAGUGUC,((((((((((((,)))))))))))),-14.7
UUCUCCUUGUAU,AUAUGAGGAGAA,.(((((((((((,))))))))))).,-20.8
CUAACUGUGCUG,CGGCACGGUUGG,((((((((((((,)))))))))))),-25.1
UCGGGGUUCGGU,ACCGGAUCCUGG,.(((((((((((,))))))))))).,-25.1
CGGUUUGCGUGG,CCGUGCGGAUCG,((((((((((((,)))))))))))),-20.9
GGUGUGACCCUG,UGGGGUCACACU,((((((((((((,)))))))))))),-26.5
CACAGGUGUCUU,AGGAUACCUGUG,((((((((((((,)))))))))))),-24.7
GGUUCGGUUAAA,UUUGGCUGAACU,((((((((((((,)))))))))))),-19.4
GUAUAUUAUUAA,UUGAUAAUAUGU,.(((((((((((,))))))))))).,-14.1
CGGCCUAUGCAU,GUGCGUAGGCUG,((((((((((((,)))))))))))),-25.6
GAAUUUAUGAGA,UUUUAUGAAUUC,((((((((((((,)))))))))))),-15.9
UGUAGUGUAACC,GGUUGUGCUACA,((((((((((((,)))))))))))),-19.6
UGGCGCUUAUUU,GGAUAAGUGUUG,.(((((((((((,))))))))))).,-16.7
GCCUUGGAAGUA,UGUUUUCGAGGC,((((((((((((,)))))))))))),-18.5
ACGGGGUCUGUU,GGUGGGCUCCGU,((((((((((((,)))))))))))),-18.3
UAAUUAUGUGUU,GGCGCAUAGUUG,((((((((((((,)))))))))))),-17.1
UGGUUGCGGUGU,GCGCUGCAGCCA,((((((((((((,)))))))))))),-25.7
UGUAGGCCUCCG,UGGAGGUCUGCA,((((((((((((,)))))))))))),-27.0
UGAGAGCUGCUU,GGGUAGCUCUCG,.(((((((((((,))))))))))).,-24.4
UACGGGUGUACC,GGUAUGUCCGUG,((((((((((((,)))))))))))),-20.6
UGGCUGUAAUGG,CUAUUGUAGUUA,((((((((((((,)))))))))))),-15.6
UUUCUGGUUGCG,CGCAGUUGGGGA,((((((((((((,)))))))))))),-16.5
CCGGUGUCUGGG,UCCGGGCACUGG,((((((((((((,)))))))))))),-26.7
AGUUUCCCUUUU,AAAGGGGAGGCU,((((((((((((,)))))))))))),-21.9
GGAGUACGGAGA,UCUUUGUGUUCC,((((((((((((,)))))))))))),-18.9
UUUAGCGCUGGA,UUCAGCGUUAGA,((((((((((((,)))))))))))),-21.6
AGUGGUUGUUUC,GAGACAGUCGUU,...(((((((((,)))))))))...,-15.0
UGGGGUCGAGCC,GGCUCGACCUUG,.(((((((((((,))))))))))).,-28.5
UAUGGGUAUCGA,UUGGUACCUAUA,((((((((((((,)))))))))))),-20.4
AGUUGCAUAAGC,GCUUAUGCAGUU,..((((((((((,))))))))))..,-21.2
GGUAUAGGGUUU,GGGUUUUAUACC,((((((((((((,)))))))))))),-12.8
UGUGUUUGUGCG,UGCACGAACACG,.(((((((((((,))))))))))).,-24.0
GCCUUUGGUGGA,UUUGCCGAAGGU,((((((((((((,)))))))))))),-21.3
GUGGGUGUCUUU,AAAGACGCCUAU,((((((((((((,)))))))))))),-22.9
GUGAUGGGUGCG,UGUGUUUAUUAC,((((((((((((,)))))))))))),-13.2
AGGCGUCCCGGG,CUUGGGGCGUUU,.(((((((((((,))))))))))).,-24.4
UUCUUAAGCGUG,CACGCUUAGGGG,.(((((((((((,))))))))))).,-23.3
GGCAUUUGGCAC,GUGUUGAAUGUU,.(((((((((((,))))))))))).,-19.2
UGGGUAGACGGU,ACCGUCUGCCUG,.(((((((((((,))))))))))).,-27.0
GGGGUUUGUGGA,UCCGCGGAUCUC,((((((((((((,)))))))))))),-22.3
CUUAGGUAAGAU,GUCUUAUCUAGG,((((((((((((,)))))))))))),-19.4
AUUGUGAGUGUG,CACAUUCGCGGU,((((((((((((,)))))))))))),-21.7
UUCCGGCUAUAU,GUGUGGUCGGAG,.(((((((((((,))))))))))).,-21.8
ACCAUAGAAUGA,UUGUUUUAUGGU,((((((((((((,)))))))))))),-17.7
AACAGGGUGUGU,AUAUGUUCUGUU,((((((((((((,)))))))))))),-14.2
UUCUCUGUUGUU,GGCAGUAGAGGG,.(((((((((((,))))))))))).,-16.3
AGAAGAGGCGGG,CUUGCUUCUUUU,.(((((((((((,))))))))))).,-21.2
GGUGAUUUGCGU,ACGUGGGUUACC,((((((((((((,)))))))))))),-20.2
AAACGGUUUAUU,AAUGGGCUGUUU,((((((((((((,)))))))))))),-16.7
GGGAAGGAUUAA,UUGGUUCUUCUU,.(((((((((((,))))))))))).,-17.3
ACGUUUUCUGUG,UACGGAAAACGU,((((((((((((,)))))))))))),-21.4
AUGCGGGAGUGA,UCACUUCUGUGU,((((((((((((,)))))))))))),-21.2
UAGUUAAGGUAA,UUGUUUUAAUUG,((((((((((((,)))))))))))),-10.3
AAUUUAGGGGUG,UGCUCUUAAAUU,((((((((((((,)))))))))))),-16.4
GUCGGUUACGUU,AGUGUAGCUGGU,.(((((((((((,))))))))))).,-15.6
GCUGAUGUAUGG,CCGUACAUUGGC,((((((((((((,)))))))))))),-23.5
UGUCUUGAUAGG,CCUGUCGAGGUG,..((((((((((,))))))))))..,-20.8
CUCUGUUCUUCU,GGAGGGACGGAG,((((((((((((,)))))))))))),-22.5
GUCUGAGGUGGA,UUCAUUUUAGGC,((((((((((((,)))))))))))),-18.8
UGACGUUCGGUA,UAUUGGGCGUCA,((((((((((((,)))))))))))),-20.7
UAGCAGCUAUUG,UAAUAGUUGCUG,((((((((((((,)))))))))))),-20.9
UGAUGCGAUGAA,UUUGUCGUGUUG,.(((((((((((,))))))))))).,-16.3
GGUGGUAUAUGC,GCGUAUAUUAUU,.(((((((((((,))))))))))).,-18.5
UGAUUGGUUGCU,AGUAACUAAUUG,.(((((((((((,))))))))))).,-18.6
GUAGGUUGAUCG,CGAUCGGCUUGU,.(((((((((((,))))))))))).,-20.7
CGUAGUUAGGCA,UGUCUGGUUACG,((((((((((((,)))))))))))),-17.9
GUCUGUUAAUCG,UGAUUAGUAGGC,((((((((((((,)))))))))))),-16.8
CGUUUAUGAAAG,CUUUUGUAAGUG,..((((((((((,))))))))))..,-13.4
CCGGCGUGUUUG,CGAGCGCGCUGG,((((((((((((,)))))))))))),-26.5
AUGUCGGGGAGU,GCUUCUUGGCGU,((((((((((((,)))))))))))),-20.0
UAAAGAGGGAAU,AUUCUUUCUUUG,((((((((((((,)))))))))))),-17.6
UGAUGUAACUGG,UCGGUUAUGUCA,((((((((((((,)))))))))))),-19.2
GAUUUGGUGUAU,GUAUGUCAGGUU,((((((((((((,)))))))))))),-11.7
GAAAGCAGUGGA,UUUGCUGCUUUC,((((((((((((,)))))))))))),-20.9
UCCGCUUUUGGG,UCCAAAGGUGGA,((((((((((((,)))))))))))),-23.8
UCGAGCACGGAG,CUUUGUGCUUGA,((((((((((((,)))))))))))),-23.9
UAGGAUGGUAAU,GUUGCCAUUCUG,((((((((((((,)))))))))))),-20.0
GAGGUGCUAGUU,AGCUAGCGUCUC,((((((((((((,)))))))))))),-21.3
UGGGUGUGAGUU,GACUUAUGCCUA,((((((((((((,)))))))))))),-19.7
CGCUGGCGUGUG,UAUAUGCUAGUG,((((((((((((,)))))))))))),-22.0
GUUGCGGUGUAA,UUGUGUCGCGAU,((((((((((((,)))))))))))),-12.9
GUUUGUCUUUUA,UGAGAGACGAGU,.(((((((((((,))))))))))).,-17.3
GCUUGCUGAUAU,GUGUUGGCGAGC,((((((((((((,)))))))))))),-20.8
GGGCGGGAAUGU,AUAUUUCUGUCC,((((((((((((,)))))))))))),-21.2
AAGGGUACGUCC,GGGCGUGCUUUU,((((((((((((,)))))))))))),-23.1
UAUUGGUCUUAG,CUAGGGCCGGUA,((((((((((((,)))))))))))),-21.7
UUCGCUGUCGAG,CUCGGCGGCGGA,((((((((((((,)))))))))))),-26.7
GGGUAGCUUGUC,GAUGGGUUGCUU,.(((((((((((,))))))))))).,-19.1
CGUUCCGGUUAG,CUAGUUGGGACG,((((((((((((,)))))))))))),-19.5
UUCGCCGGAGGG,UCUUUCGGUGGA,((((((((((((,)))))))))))),-22.2
UUAGAGAUAAUG,UGUUAUCUUUAG,.(((((((((((,))))))))))).,-15.9
GAGAUGGAGGGC,GCCUUCCGUUUC,((((((((((((,)))))))))))),-26.3
AAGUGAUGGGCC,GGCUCGUUGCUU,((((((((((((,)))))))))))),-23.2
GUAGGUUUCGUC,GGCGGGACUUAC,((((((((((((,)))))))))))),-22.2
AGAAUGUGUUUC,GGAACGCGUUUU,.(((((((((((,))))))))))).,-19.1
UCCGGUCUCGGU,AUCGGGGCUGGA,((((((((((((,)))))))))))),-24.8
GAGAUCGCGUUG,CAGUGUGGUUUC,((((((((((((,)))))))))))),-18.1
CCGUCUUCUACG,UGUGGAGGGCGG,((((((((((((,)))))))))))),-24.8
GCCGGGGAGUGG,CUAUUUCCUGGC,((((((((((((,)))))))))))),-25.6
GCGUGUUAUGUG,UGUGUGGCACGU,((((((((((((,)))))))))))),-15.5
GCUAGUGGGACA,UGUUUCGUUGGU,((((((((((((,)))))))))))),-16.4
GGGUGGGCAAUC,GAUUGUUUGCCC,((((((((((((,)))))))))))),-22.9
CGAUCACUGGGU,ACUUGGUGAUUG,((((((((((((,)))))))))))),-20.3
ACCGAUUAGAGC,GCUUUGGUUGGU,((((((((((((,)))))))))))),-22.1
UGACUUGGUGCU,GGCAUUAAGUCA,((((((((((((,)))))))))))),-22.0
GGUGGAGGCGUC,GAUGCUUCCACC,((((((((((((,)))))))))))),-28.7
GGCUGCCAAUUA,UAGUUGGCAGCU,((((((((((((,)))))))))))),-25.2
UGGAGGGUUUGG,CUGAAUUCUUCG,.(((((((((((,))))))))))).,-18.0
CUGUGAGACCAA,UUGGUCUUGUGG,....((((((((,))))))))....,-17.6
UUGCCCUCUGUU,GACAGAGGGUAG,.(((((((((((,))))))))))).,-25.1
AUAGUGAGGUUU,GAACUUCGUUGU,((((((((((((,)))))))))))),-14.4
GUUUUGUAGCGU,AUGUUGUAGAGC,((((((((((((,)))))))))))),-14.8
UGCCGGAUGCUG,CAGUGUUCGGUG,.(((((((((((,))))))))))).,-23.3
GAUGGGUGGGCU,AGCUUACCUGUU,((((((((((((,)))))))))))),-21.8
GAUGAUCUUGAC,GUCGGGGUCGUU,((((((((((((,)))))))))))),-21.6
UAAAUAUUUGCG,UGUAGAUGUUUA,((((((((((((,)))))))))))),-16.2
CGGGAAGACCUU,GGGGUCUUCUCG,((((((((((((,)))))))))))),-24.2
GCUGGCAGUGGU,GUUGCUGUCGGC,((((((((((((,)))))))))))),-18.8
AAAUUAACAGGC,GUUUGUUGAUUU,((((((((((((,)))))))))))),-17.6
GAGUCGGGGUAG,CUGUUUUGGCUC,((((((((((((,)))))))))))),-17.4
AAGUCUGUAACA,UGUUAUGGACUU,((((((((((((,)))))))))))),-19.8
UUGCUGAAUUCC,GGAGUUCGGUAA,.(((((((((((,))))))))))).,-22.6
ACAUUUGGACGG,CUGUUCAAGUGU,((((((((((((,)))))))))))),-21.5
GGGGCUUGGUAG,UUACUGGGUUUU,.(((((((((((,))))))))))).,-15.5
GGUUUAUCUGGG,UCCAGAUGAAUC,((((((((((((,)))))))))))),-21.9
CUUUUAUCAGAU,AUUUGAUGAAGG,((((((((((((,)))))))))))),-17.7
GUGUCUGUGCGU,ACGCGCGGACAU,((((((((((((,)))))))))))),-26.2
GACUCAUCCUUU,AAGGGGUGAGUU,((((((((((((,)))))))))))),-22.6
AGUUUCUAUAUC,GGUAUGGGAGUU,..((((((((((,))))))))))..,-16.0
GUUAGUCGGUUG,CAGUUGAUUAGU,.(((((((((((,))))))))))).,-13.9
AUACUUUCUAAG,UUUGGAGAGUAU,((((((((((((,)))))))))))),-18.4
CGAUGACUCUCG,UGGGAGUUAUUG,((((((((((((,)))))))))))),-21.1
UGUGCUAAUUCA,UGAGUUGGCGUA,...(((((((((,)))))))))...,-18.4
GGGAGUUUACCC,GGGUGGGCUCUC,((((((((((((,)))))))))))),-25.5
ACUGAGCGUCCG,CGGACGUUUAGU,((((((((((((,)))))))))))),-26.1
UGUAUCAUGGGG,UUCUGUGGUGCA,((((((((((((,)))))))))))),-18.6
GUCAGCGCGAUG,UGUCGUGCUGGC,((((((((((((,)))))))))))),-24.7
UAGUUAUUUUCU,GGGAAAUGACUG,((((((((((((,)))))))))))),-17.2
CUGAAGUGCGGU,GUUGCGUUUUAG,((((((((((((,)))))))))))),-12.3
UUAUGAUACUGU,GCAGUGUUGUAA,.(((((((((((,))))))))))).,-17.8
GAGUGCUGUUAA,UUGGUAGCAUUC,((((((((((((,)))))))))))),-17.1
UGCGUAGUGUCU,AGGUGCUACGCG,.(((((((((((,))))))))))).,-20.6
CGGUGAGUCGUA,UAUGACUCGUUG,((((((((((((,)))))))))))),-18.2
GUCCGAUUGUUG,UGACGAUUGGAC,((((((((((((,)))))))))))),-20.9
CACGGUUAACAU,AUGUUGGCUGUG,((((((((((((,)))))))))))),-21.3
AGGGCAGAGGGG,CUCUUUUGUCCU,((((((((((((,)))))))))))),-23.4
UGCUGGUGGUAG,UUGCUGCUAGCG,.(((((((((((,))))))))))).,-21.8
CUUUAUCAUGGA,UCUAUGAUGAAG,((((((((((((,)))))))))))),-20.5
UGCGGGCGGGGC,GCCUUGCCUGUG,.(((((((((((,))))))))))).,-27.8
CGUUCUGCGUGU,GCACGUGGGACG,((((((((((((,)))))))))))),-23.2
GUUGAGGGGUUC,GAGCUUCUCGGC,((((((((((((,)))))))))))),-22.6
GGGUGUCCUCGC,GUGAGGGCGCUU,.(((((((((((,))))))))))).,-26.0
AGGCACGGAGGG,UCUUCUGUGCUU,.(((((((((((,))))))))))).,-23.4
ACAUGCGUAUGG,UUGUGCGUAUGU,((((((((((((,)))))))))))),-19.2
UUUCAACGCUAU,GUGGCGUUGAGA,((((((((((((,)))))))))))),-21.6
GCGGUGCCGGUC,GACUGGUAUCGU,((((((((((((,)))))))))))),-26.3
AGAGGGAGCCUC,GAGGUUUCUUCU,((((((((((((,)))))))))))),-24.5
GGCGUGUUAUUU,GAAUAAUGUGUU,.(((((((((((,))))))))))).,-11.7
AGUGGACGGCGG,CUGUCGUCCAUU,.(((((((((((,))))))))))).,-25.7
GGCGUUUCGUAC,GUGCGAGGCGUC,((((((((((((,)))))))))))),-24.6
GGGAGGUGAGGU,ACCUUGCUUUUC,((((((((((((,)))))))))))),-20.3
UCUGGUUAGGGC,GCCUUAGCUAGA,((((((((((((,)))))))))))),-25.0
GUGUUGUGAGCA,UGUUCACGAUGU,..((((((((((,))))))))))..,-19.3
UAGUUUAAUUGU,GUGAUUGGAUUA,((((((((((((,)))))))))))),-9.6
GACGCGCGUGGG,CCUAUGUGCGUC,((((((((((((,)))))))))))),-27.7
CUGGAUCAUGAC,GUUGUGGUCUAG,((((((((((((,)))))))))))),-21.3
AGUGGGCUUGUC,GAUGAGCUUACU,((((((((((((,)))))))))))),-21.8
UUGCCUCUUUAU,AUGGAGAGGCAG,.(((((((((((,))))))))))).,-23.0
GAGUUGUGUUGU,GUAACGCAAUUC,((((((((((((,)))))))))))),-16.4
GGCGGUUUCGGA,UCCGGAACUGUU,.(((((((((((,))))))))))).,-23.2
UCUGGAUGGUUA,UGACUAUCCGGA,((((((((((((,)))))))))))),-22.8
AGCGUUGUGUUC,GAGUACAAUGCU,((((((((((((,)))))))))))),-19.8
AUUAGAUCUUUU,AGGGGAUUUGAU,((((((((((((,)))))))))))),-15.2
AGUUGGCGAUUG,CGAUUGCUGACU,((((((((((((,)))))))))))),-21.0
CUGGGUUGGGGU,GUUCUGAUCCAG,((((((((((((,)))))))))))),-16.5
GUUUGGAGGGCU,GGCUCUCUAGAU,((((((((((((,)))))))))))),-21.8
GCUGUUCCAGGU,GCCUGGAGUAGU,((((((((((((,)))))))))))),-22.4
CGUCGUAUGAGG,CCUUAUAUGAUG,((((((((((((,)))))))))))),-22.3
AAUACGAGCUAU,GUAGUUUGUAUU,((((((((((((,)))))))))))),-17.9
CCUUGUGGGUAU,AUACUUGCAGGG,((((((((((((,)))))))))))),-20.7
UGGUGGUUGUGU,ACAUGACUAUCG,.(((((((((((,))))))))))).,-19.6
GGUGAUGAGGCG,CGUUUCGUUGCC,((((((((((((,)))))))))))),-22.2
GUUCGGCUUGUG,CAUAAGUCGGAU,((((((((((((,)))))))))))),-21.8
GGAGGUUGAGAU,AUUUUAGUUUCU,((((((((((((,)))))))))))),-12.9
GUGGUGGCCUCU,AGGGGCUACUAC,((((((((((((,)))))))))))),-26.2
CGAAGGUAUUGU,GCAAUGCUUUCG,((((((((((((,)))))))))))),-20.8
UCGCUUUGACCU,GGGUCAAAGUGG,.(((((((((((,))))))))))).,-23.7
UUACGGACUGCG,UGUGGUUCGUAG,.(((((((((((,))))))))))).,-20.4
CCUGGAUGAUUA,UGGUCAUUUAGG,((((((((((((,)))))))))))),-19.7
UCUGGUGACAUU,AAUGUCGCUAGG,.(((((((((((,))))))))))).,-22.5
UUGUGGUACGAU,AUCGUGUUGCGA,((((((((((((,)))))))))))),-15.9
AUCUGACUAUUU,GGAUGGUUGGGU,((((((((((((,)))))))))))),-16.0
CGUUGCCUGUGG,CUGCAGGCGACG,((((((((((((,)))))))))))),-26.7
ACUCGACUGUGU,ACGCAGUCGGGU,((((((((((((,)))))))))))),-25.8
GGGCGUUGGUAA,UUGUUAACGUCU,((((((((((((,)))))))))))),-16.2
GAAUUCGUUUUA,UAAGGUGGAUUU,((((((((((((,)))))))))))),-12.0
GUGCGCUUUCGC,GCGGAGGCGUGU,..((((((((((,))))))))))..,-24.0
GUGCUAUUGGGC,GCUUAGUGGCAC,((((((((((((,)))))))))))),-23.9
UUCGGGGUAUUU,AAAUGUUUCGGG,.(((((((((((,))))))))))).,-12.7
GACUGUGGGCAC,GUGCUCGUGGUC,((((((((((((,)))))))))))),-21.9
CUCGUUGCGCAU,AUGCGUGACGGG,((((((((((((,)))))))))))),-23.9
AGGGACGGGCCU,AGGCUUGUUCUU,.(((((((((((,))))))))))).,-23.3
UUGAGAGGUGGA,UUUAUCUCUUAA,.(((((((((((,))))))))))).,-18.1
CUUCGGCUUUCU,GGAAAGCUGGAG,((((((((((((,)))))))))))),-22.5
UGGAGCUGACAA,UUGUCGGCUUUG,.(((((((((((,))))))))))).,-21.7
GGUUUGUUACAC,GUGUGGCGAACC,((((((((((((,)))))))))))),-23.7
UUUGGUCUGGAG,CUUCAGACCAGA,((((((((((((,)))))))))))),-24.7
CUGAGUUUUCGG,UUGGGAAUUCAG,((((((((((((,)))))))))))),-18.0
UUGGUGGUGAGA,UUUCACCGCCAG,.(((((((((((,))))))))))).,-24.7
GCUUUCCGACUU,GGGUCGGGAGGC,((((((((((((,)))))))))))),-24.1
CGCGUUAUUCCG,UGGAGUAAUGCG,((((((((((((,)))))))))))),-23.2
CUUGUAGUUCGA,UCGGACUGUGGG,((((((((((((,)))))))))))),-16.9
GGUCUGGAGGUC,GGCCUUUAGGCU,((((((((((((,)))))))))))),-24.0
CUUUUGCUGUGU,GUGUAGCGGAGG,((((((((((((,)))))))))))),-11.8
GUGCGGCUCAUU,AGUGAGCUGCGC,((((((((((((,)))))))))))),-26.0
GGCAUGCUGCUG,UAGUAGCAUGUU,.(((((((((((,))))))))))).,-23.4
UUUUGGUAGUUC,GAAUUAUUAAAG,.(((((((((((,))))))))))).,-15.9
UUUGUGCGGCGU,ACGCUGCACAGG,.(((((((((((,))))))))))).,-25.6
UUGGUCACUCAC,GUGGGUGAUCAG,.(((((((((((,))))))))))).,-24.2
AAGUGUGCGUAU,GUAUGCGUGUUU,......((((((,))))))......,-12.7
CGCUUGGUUGUG,UACGGUCAAGCG,((((((((((((,)))))))))))),-19.5
GGAGUUAUUGAG,CUUGAUAGUUUU,.(((((((((((,))))))))))).,-12.4
UAUUCUGACCUC,GGGGUUAGAGUG,((((((((((((,)))))))))))),-22.5
GGCGGUACUGUG,UACAGUACCGUU,.(((((((((((,))))))))))).,-24.8
CCCAGAGGCUUG,UGGGCCUCUGGG,((((((((((((,)))))))))))),-27.6
GUGUGAGCGGGU,AUCUGCUUGUGU,....((((((((,))))))))....,-16.7
UUGGGGUGAAUA,UAUUCGCCCUAG,.(((((((((((,))))))))))).,-22.8
AGUCCUGGAGUG,UAUUUUAGGAUU,.(((((((((((,))))))))))).,-18.5
GGGCCAGCUAGC,GUUAGCUGGUUC,((((((((((((,)))))))))))),-26.0
AUCAGCAGUGGU,AUCGUUGUUGAU,((((((((((((,)))))))))))),-17.1
UAUCUGAGUUCU,GGGGCUCGGAUG,((((((((((((,)))))))))))),-20.9
GGUAAAGUUUCU,GGGGAUUUUGUC,((((((((((((,)))))))))))),-12.7
GUGUGGUUGCGC,GCGUAACUAUGC,((((((((((((,)))))))))))),-23.2
GUUGUCAUCUGA,UUAGGUGGCGGU,.(((((((((((,))))))))))).,-18.4
AUGUUCUGUUGG,CCGGCAGGAUGU,((((((((((((,)))))))))))),-20.9
UUCCUCAGGUAC,GUGCUUGAGGAG,.(((((((((((,))))))))))).,-25.3
UGCAGGGUUGUU,AGCAGUCUUGCG,.(((((((((((,))))))))))).,-18.9
UUGGUAGGGGUC,GACCCUUGUCAG,.(((((((((((,))))))))))).,-21.8
GUGAUCUCAGUA,UGCUGAGGUCGU,..((((((((((,))))))))))..,-22.0
UGGUUGUGGGAC,GUCUCAUAGUCA,((((((((((((,)))))))))))),-19.2
GGGCUGCGGGUG,CACUUGCGGUCU,((((((((((((,)))))))))))),-25.0
CUUGGGGUGCUA,UGGCACCUUGAG,((((((((((((,)))))))))))),-22.8
CUGGUAGGUAUG,CGUGCCUGUCAG,((((((((((((,)))))))))))),-21.3
GUUGGGACAGCU,GGUUGUUCCAGC,((((((((((((,)))))))))))),-23.1
UUAUCUCGUUGA,UCGGUGAGGUAA,.(((((((((((,))))))))))).,-16.6
AGAGUUGCAGUG,UGCUGCAACUCU,((((((((((((,)))))))))))),-24.4
GUAUUUGGACAU,GUGUCUAAGUAC,((((((((((((,)))))))))))),-19.9
GGGGUCACCGUC,GAUGGUGAUUUU,.(((((((((((,))))))))))).,-21.9
UUGCGGAGACAG,CUGUUUUCGCGG,.(((((((((((,))))))))))).,-23.0
GUUCUUUGUGAU,AUCGUGGAGAAC,((((((((((((,)))))))))))),-15.9
UUGAAUUGUUGU,ACAGUAGUUUGA,((((((((((((,)))))))))))),-12.5
GGCGGACCGGUG,UGUCGGUCCGUC,((((((((((((,)))))))))))),-23.2
UAGUCCUGUGUA,UGUAUGGGGCUA,((((((((((((,)))))))))))),-17.1
GUCCGAAAAGUC,GACUUUUCGGGU,.(((((((((((,))))))))))).,-23.2
CCAGUUCAUCCA,UGGGUGGGUUGG,((((((((((((,)))))))))))),-20.1
UGUGUCUUGAGU,ACUCGGGGUGUA,....((((((((,))))))))....,-15.5
GUUGUGGAGGAU,GUUCUCUGUAGU,.....(((((((,))))))).....,-13.4
UCGGUGUUUGCG,CGCAAACGUUGG,.(((((((((((,))))))))))).,-19.6
CUGAUCGGCACU,GGUGUCGAUUGG,((((((((((((,)))))))))))),-21.7
UGGACUGCUCUU,GAGGGCGGUUCA,((((((((((((,)))))))))))),-22.8
UUUGGGAGGUGG,CCACCUCUCGGA,((((((((((((,)))))))))))),-25.9
UGUGAGGGGUUG,CGGUUCCUCGUA,...(((((((((,)))))))))...,-16.1
GUGUUAGGUCAC,GUGGCCUAGUGU,...(((((((((,)))))))))...,-19.8
UCGCCUAAGGUG,CGCUUUGGGUGA,((((((((((((,)))))))))))),-23.9
GGUAGGUCGCUA,UAGCGAUUUAUU,.(((((((((((,))))))))))).,-20.0
UAUGUCUUGUCC,GGACAGGGCGUA,((((((((((((,)))))))))))),-24.4
CUCCGGGUGCCU,AGGUAUUCGGGG,((((((((((((,)))))))))))),-24.8
UAGCGGUCCAUC,GAUGGGUCGCUG,((((((((((((,)))))))))))),-23.1
GGGGUAGGGUGG,UUACUCUACCUU,.(((((((((((,))))))))))).,-21.8
CUUGAUCUUGUG,UAUAAGGUUGAG,((((((((((((,)))))))))))),-17.0
AAGUGGGCGUCA,UGAUGCUCACUU,((((((((((((,)))))))))))),-24.1
GUGUUUUGCCUG,CAGGUGAAGUAC,((((((((((((,)))))))))))),-18.6
AUAACGCUUGCU,GGUAGGCGUUAU,((((((((((((,)))))))))))),-21.4
UGUGAAAUGCGG,UCGCGUUUUGCA,((((((((((((,)))))))))))),-20.3
CAUAAUUUUCGU,GCGAGGAUUAUG,((((((((((((,)))))))))))),-18.5
GCACAUCGCGUC,GGUGCGGUGUGC,((((((((((((,)))))))))))),-24.2
UGUGGUGGGGAU,AUUCCUGUCACG,.(((((((((((,))))))))))).,-18.2
UGGUAGGACGUU,GGCGUUCUGCUA,((((((((((((,)))))))))))),-20.9
CUACGAGUAUUG,UAAUGCUUGUAG,((((((((((((,)))))))))))),-20.2
AUGUUAAGGUUC,GGGCUUUAACAU,((((((((((((,)))))))))))),-19.3
CGGUUAAAGCGG,CUGCUUUAGCUG,((((((((((((,)))))))))))),-22.9
AUCCGGUCUGGC,GCUAGGUCGGGU,((((((((((((,)))))))))))),-22.5
CUCCAUGUUGUU,AACGGCGUGGGG,((((((((((((,)))))))))))),-22.5
CUCCCUAGUCGC,GUGACUGGGGAG,((((((((((((,)))))))))))),-28.9
AGAUUAGGGCAU,AUGUUUUAGUCU,((((((((((((,)))))))))))),-17.8
GACUCCUCGGGA,UUUUGGGGAGUC,((((((((((((,)))))))))))),-22.7
GUCGGGAUCUGU,GCAGGUCUCGAU,((((((((((((,)))))))))))),-23.6
CGUGUCAUUACA,UGUAAUGGUGUG,....((((((((,))))))))....,-14.3
UAUUUGCGGUGG,UCACCGUAAGUA,((((((((((((,)))))))))))),-22.0
GACGGAGGGGUA,UACCCUUUCGUU,((((((((((((,)))))))))))),-24.0
GCGUAUGGAACG,UGUUUUGUACGC,((((((((((((,)))))))))))),-20.0
GGGCGGUCGUUG,CAAUGACUGCUU,.(((((((((((,))))))))))).,-23.8
UCAGUACUUAUA,UGUGAGUACUGG,.(((((((((((,))))))))))).,-21.2
AGUUCCGUGAAU,GUUUGCGGAGUU,..((((((((((,))))))))))..,-16.9
UUACGGAGUGGU,GCUGUUCCGUGA,((((((((((((,)))))))))))),-18.0
UAAUAAGAAGUU,AGUUUCUUGUUG,((((((((((((,)))))))))))),-13.2
CAAGUGGGUUAA,UUAGUCCGUUUG,((((((((((((,)))))))))))),-13.0
CGGGAUAAAUCU,GGGUUUAUUUUG,((((((((((((,)))))))))))),-15.2
CGUAUUUCGUAU,AUACGGGAUACG,((((((((((((,)))))))))))),-20.5
GUGGCUUAAGGC,GUUUUAGGCUAC,((((((((((((,)))))))))))),-21.3
AUCUGUGAUUUU,AGGAUCGCAGGU,((((((((((((,)))))))))))),-19.6
UAUUGAAAAUAG,UUAUUUUCGGUG,((((((((((((,)))))))))))),-15.2
GAUACAUUUGUU,AGCGGGUGUAUU,((((((((((((,)))))))))))),-17.6
AGGCGGGCUGCU,AGCAGUUCGCUU,.(((((((((((,))))))))))).,-25.5
AAGGAUGGGGAU,AUUUUCGUCCUU,((((((((((((,)))))))))))),-19.1
UCUUCCGGUGGU,AUUGCUGGGAGA,((((((((((((,)))))))))))),-20.9
UAGGCUCAUUUC,GAGAUGAGCCUG,((((((((((((,)))))))))))),-25.4
GAACUAUUCACU,GGUGGGUAGUUU,((((((((((((,)))))))))))),-19.4
CUGGUAUAGGGU,ACCUUAUAUUGG,((((((((((((,)))))))))))),-18.8
GAUGUAGUGCUC,GGGUACUGCGUC,((((((((((((,)))))))))))),-24.2
GGCAUUGGCGUG,CGCGUUGAUGUC,((((((((((((,)))))))))))),-21.7
GAAGGGGUGUUA,UAGCAUCCUUUU,((((((((((((,)))))))))))),-20.1
AGCUGCCGCGUU,AACGUGGCGGUU,.(((((((((((,))))))))))).,-25.5
GGUUGGAUAUUA,UAAUGUUCGGCU,((((((((((((,)))))))))))),-17.5
GUAGCGGGUCUA,UAGGUUUGCUGU,.(((((((((((,))))))))))).,-15.6
GGUGGAUUUGGG,CCUAGGUUUACC,((((((((((((,)))))))))))),-21.4
AUCGUUAGACGG,UCGUCUAGCGGU,((((((((((((,)))))))))))),-23.1
AGUGACUUUUGC,GUGAGGGUUGCU,((((((((((((,)))))))))))),-18.1
ACGCGUGUGGGG,UCCUGUACGUGU,((((((((((((,)))))))))))),-19.8
UUGCAUGACGUG,UAUGUUAUGUAA,.(((((((((((,))))))))))).,-18.8
AGUUGGGUAGUU,GGUUGUCCGGUU,..((((((((((,))))))))))..,-8.6
AGCUCUAUGGUU,AGUCAUAGAGCU,((((((((((((,)))))))))))),-20.1
GAACAUACGCGU,AUGUGUAUGUUU,((((((((((((,)))))))))))),-20.5
CUGUCGAUGAUU,GAUUAUUGAUGG,((((((((((((,)))))))))))),-16.4
UGGGGUUGAUCA,UGGUUGACUCUA,((((((((((((,)))))))))))),-18.7
AUUGCAGAGAUC,GAUCUUUGUAAU,((((((((((((,)))))))))))),-21.1
UUUCUAGCAACG,CGUUGCUAGGGG,.(((((((((((,))))))))))).,-23.2
UAGGCGAUCUAU,AUAGGUUGCUUG,((((((((((((,)))))))))))),-19.9
GUCGUGGUUAUC,GAUAAUCGCGGC,((((((((((((,)))))))))))),-23.0
UGUCUGUUUUAG,CUGAGAUAGGUA,..((((((((((,))))))))))..,-16.6
AGUGAUAGCCUG,CGGGCUGUCGCU,((((((((((((,)))))))))))),-26.8
UUGUAGUGCGUC,GAUGCGCUAUGA,((((((((((((,)))))))))))),-21.9
AUUGAAUAAUGU,ACGUUAUUCGAU,((((((((((((,)))))))))))),-18.1
GCGUUCGCGGUA,UAUCGUGAAUGU,((((((((((((,)))))))))))),-21.6
CCGAUGGCGAUG,UGUUGUCGUCGG,((((((((((((,)))))))))))),-22.0
UUAGUGAUUAGC,GCUAAUUAUUAA,.(((((((((((,))))))))))).,-19.0
GUCGAGUAGUCA,UGGCUGCUCGGU,.(((((((((((,))))))))))).,-23.2
GAGGGUGGAUAA,UUGUUUGUCCUC,((((((((((((,)))))))))))),-15.8
AGGGUUUUACGA,UUGUAGGGUCCU,((((((((((((,)))))))))))),-15.9
CGUGUGGAUUGU,AUAGUCCAUACG,((((((((((((,)))))))))))),-22.4
GGUCCUUGUUAG,CUGGCAGGGAUC,((((((((((((,)))))))))))),-23.7
AGGUGAUUCGGC,GUUGAGUUAUCU,((((((((((((,)))))))))))),-19.7
UAUUCCGGGGAG,UUCCCUGGGGUG,((((((((((((,)))))))))))),-23.6
UCUUCCUCUGGU,ACCAGGGGAGGG,.(((((((((((,))))))))))).,-26.4
UUGGCUUUUAUU,AGUGAGAGUUGG,..((((((((((,))))))))))..,-14.8
UUCGCUACGUCG,CGGUGUAGCGAA,.(((((((((((,))))))))))).,-22.5
CCCUUUUCGGCG,CGCUGAAAGGGG,((((((((((((,)))))))))))),-27.0
AUAGUUGGGUUU,AGGUCUAGCUAU,((((((((((((,)))))))))))),-14.7
GAUUCGGCACGG,CUGUGCUGAGUU,((((((((((((,)))))))))))),-24.1
CCUGUCAGUUUC,GGGACUGGCGGG,((((((((((((,)))))))))))),-24.6
CAGUGCUAUGCC,GGUAUAGCGCUG,((((((((((((,)))))))))))),-26.9
GUUCUCGAAGUG,CGCUUUGGGAGC,((((((((((((,)))))))))))),-22.9
CGGUAUAUGAGC,GCUCGUAUAUUG,((((((((((((,)))))))))))),-21.8
CACUUUCCAUUU,GGAUGGGAGGUG,((((((((((((,)))))))))))),-20.4
UCGGUGCUUCAU,GUGAGGCGUCGG,.(((((((((((,))))))))))).,-19.8
UGUAGUAGGGGA,UUCCCUAUUGCG,.(((((((((((,))))))))))).,-22.8
GUUAAUCCGCAU,AUGUGGAUUAAU,((((((((((((,)))))))))))),-21.1
CCAAUGGAGGGU,AUCCUUCGUUGG,((((((((((((,)))))))))))),-23.4
GAAUGAGGGUGC,GCGCUUUCAUUC,((((((((((((,)))))))))))),-23.5
GACCGUGGUUAG,UUAGUCACGGUC,((((((((((((,)))))))))))),-20.6
CGUGGUUGGCUU,AGGUCAGCUACG,((((((((((((,)))))))))))),-22.8
UCGCGGGACUGC,GCAGUCUCGUGG,.(((((((((((,))))))))))).,-27.7
CUAUGCGUUUCG,CGAAGUGCGUGG,((((((((((((,)))))))))))),-19.9
UGGGCUCGAUGG,UUGUCGAGCUUA,((((((((((((,)))))))))))),-20.7
ACGAGGUGUCUA,UGGAUGCUUCGU,((((((((((((,)))))))))))),-21.3
CGGUCAGCUCGU,AUGGGCUGGCUG,((((((((((((,)))))))))))),-24.7
UUUCUACUUUGA,UCGAAGUAGGGA,((((((((((((,)))))))))))),-19.5
GGCCAGUGCCGG,CUGGUAUUGGCU,((((((((((((,)))))))))))),-26.9
UACCUGUUGGGA,UCCUAGCAGGUA,((((((((((((,)))))))))))),-25.4
GCUUAGGGGCUA,UGGUUCUUGAGC,((((((((((((,)))))))))))),-21.1
GCGGGCUUUUCU,AGAGAAGCUCGU,((((((((((((,)))))))))))),-24.0
CAGUGGAGGUGU,AUAUUUCCAUUG,((((((((((((,)))))))))))),-20.0
AUCUUGUAUCGC,GCGGUACGAGAU,((((((((((((,)))))))))))),-24.1
GGCCUUGAGGGU,AUUCUCAAGGCU,((((((((((((,)))))))))))),-24.5
CAGGGCUCGAGU,AUUUGGGUUUUG,((((((((((((,)))))))))))),-17.7
GUGUGUGGUUCU,GGAACCGCGCAC,((((((((((((,)))))))))))),-25.3
UUGAUUUUAUGU,GUAUAGGAUCGG,.(((((((((((,))))))))))).,-12.2
GCGUCUGGAGGA,UUCUCCAGGCGC,((((((((((((,)))))))))))),-27.6
ACUGUGUCAGGG,UUUUGAUGCAGU,((((((((((((,)))))))))))),-18.9
GUCUGGGAUGUC,GAUAUUUUAGAU,((((((((((((,)))))))))))),-18.7
ACGUGCAGGGUU,GAUUUUGCGCGU,((((((((((((,)))))))))))),-20.1
CUUGGGGUCGCG,UGCGACUCUAAG,((((((((((((,)))))))))))),-24.8
UGAGUUGUAGGU,ACUUAUAGUUUA,((((((((((((,)))))))))))),-13.5
GGGGUCGAACGG,CCGUUCGGUCCU,((((((((((((,)))))))))))),-24.4
AGUGAUAGGGAG,UUCUCUAUCAUU,.(((((((((((,))))))))))).,-20.5
UUAUAUUGUUUU,AGGACAAUGUAG,.(((((((((((,))))))))))).,-16.1
UUGGGUUUUGAG,UUCGAGAUUUAA,.(((((((((((,))))))))))).,-14.8
AGUAGAUACUUG,CGAGUAUCUAUU,.(((((((((((,))))))))))).,-21.0
CAGUAGCGUUUU,AAAGUGUUGUUG,((((((((((((,)))))))))))),-11.2
GGCUUCGUUUGC,GUGAAUGGAGCC,((((((((((((,)))))))))))),-22.9
UGGGGUGGUUGA,UCAACUGCUUCA,((((((((((((,)))))))))))),-20.6
CUUGCAGGCCUG,UAGGCUUGCGAG,((((((((((((,)))))))))))),-26.1
CACUCUGUGUGG,UUAUAUGGAGUG,((((((((((((,)))))))))))),-19.2
UGUGUAUGGGUC,GGCCUAUGCACG,.(((((((((((,))))))))))).,-24.9
GCUUAAAGCUGG,CCAGUUUUAGGU,((((((((((((,)))))))))))),-22.6
CGGAUGUAUGGG,UUCAUGCGUCUG,((((((((((((,)))))))))))),-20.7
UCAACCGGGUCC,GGAUUUGGUUGG,.(((((((((((,))))))))))).,-23.6
AUGUACAUGGUU,AGCUAUGUGUGU,...(((((((((,)))))))))...,-15.9
GAUGGUGCGGUU,AACUGUACUAUC,((((((((((((,)))))))))))),-22.1
CUAAGUGCGAAC,GUUCGCGCUUGG,((((((((((((,)))))))))))),-25.4
GAGUGCGUUGGU,GCCGGUGUACUU,((((((((((((,)))))))))))),-18.7
GAUACCGUAUGG,UCAUGUGGUGUU,((((((((((((,)))))))))))),-17.8
UGUACGCUCAUU,AAUGGGCGUGUA,..((((((((((,))))))))))..,-20.0
UAAUAUGUGGGC,GUUCGCGUAUUA,((((((((((((,)))))))))))),-19.4
AGUUGUACGUGA,UUGUGUAUAGUU,..((((((((((,))))))))))..,-10.7
CCUACCCGUUUU,GAAGUGGGUAGG,((((((((((((,)))))))))))),-20.7
GUGCAGGAGCGU,GCGUUCCUGUAC,((((((((((((,)))))))))))),-25.9
GCAGCAUUGUCU,GGGCAGUGCUGC,((((((((((((,)))))))))))),-25.6
GGAGCUUUAUAG,UUGUGAAGCUCU,((((((((((((,)))))))))))),-21.1
CUGGGUUCCGAU,GUUGGAGCCUGG,((((((((((((,)))))))))))),-22.4
UGUAAUGUGGUC,GGCCACGUUGUG,..((((((((((,))))))))))..,-20.5
GGCGAGUGGUCG,CGAUCACUUGUU,.(((((((((((,))))))))))).,-23.7
GUGGUCGGUUGU,GUGGCCGGUCAC,((((((((((((,)))))))))))),-15.4
CGUGGGUUUCAU,GUGAAGCCUGUG,...(((((((((,)))))))))...,-17.9
AUAAAUCGGGUU,GACUUGGUUUAU,((((((((((((,)))))))))))),-16.4
AGCGACAGUUAA,UUGGCUGUUGCU,((((((((((((,)))))))))))),-22.0
AGUGGUGUUAUU,GAUGACGCCGUU,...(((((((((,)))))))))...,-17.9
AACGGUUGUUGU,GCAGCAACUGUU,((((((((((((,)))))))))))),-21.3
GCACAGUGAGUG,CGCUCGUUGUGU,((((((((((((,)))))))))))),-21.7
CGCGUAUGCUGU,GCGGCGUAUGCG,((((((((((((,)))))))))))),-24.4
GGCUUGAUGGGA,UCUCAUCGAGUU,.(((((((((((,))))))))))).,-22.1
GGUGAGCUAAAU,AUUUAGUUUACU,((((((((((((,)))))))))))),-18.7
GAUGUUCCGUGG,UCACGGAGCAUC,((((((((((((,)))))))))))),-25.9
CUUAUGGUUGGU,GUCGGUUAUAGG,((((((((((((,)))))))))))),-9.7
UCCCUUGCUGCA,UGCAGUGAGGGG,.(((((((((((,))))))))))).,-26.4
GUUUCUCCAGUG,UAUUGGAGGGGU,.(((((((((((,))))))))))).,-18.8
GGAUUGCCAUCU,GGGUGGUGGUUU,.(((((((((((,))))))))))).,-18.3
AGCUGUAAGGGA,UUUCUUGCGGCU,((((((((((((,)))))))))))),-21.3
AUGAGCAGCUUU,AAGGCUGUUCGU,((((((((((((,)))))))))))),-22.2
AUCUUCGUUUCG,UGAGGCGAGGGU,((((((((((((,)))))))))))),-20.6
AUACGGGGUGUA,UAUGUUCUGUAU,((((((((((((,)))))))))))),-13.7
GGCUUGCCUUAU,AUGAGGCGAGUU,.(((((((((((,))))))))))).,-22.9
AUUUACUACCGU,GUGGUGGUAAGU,((((((((((((,)))))))))))),-16.9
GUUGCUUAGUGU,GCACUGAGUAAC,((((((((((((,)))))))))))),-22.2
UUACGCGUGUAU,AUACAUGCGUGG,.(((((((((((,))))))))))).,-22.2
UUUUGUUCGGGU,GUUCGAAUGAGG,.(((((((((((,))))))))))).,-12.2
CGUUACGAAUUG,UGGUUCGUAGCG,((((((((((((,)))))))))))),-19.6
GGUGGUUUGUCU,GGAUGGGCUGCU,((((((((((((,)))))))))))),-17.3
CUCGGGUGGCUU,GAGCCGCCUGAG,((((((((((((,)))))))))))),-27.6
GGAUGUUUUCUU,AGGGAAGUAUUC,((((((((((((,)))))))))))),-13.8
GCGGCCUUGGAC,GUUUAGGGCUGU,((((((((((((,)))))))))))),-24.0
AAUUGGCUAUAU,GUGUAGUUAGUU,((((((((((((,)))))))))))),-15.9
GAAAUCGGAACA,UGUUUUGGUUUC,((((((((((((,)))))))))))),-18.5
CUAUUGAGGAGG,UUUUCUUGGUGG,((((((((((((,)))))))))))),-15.3
UGUGACGAGUAA,UUGCUCGUUGUG,...(((((((((,)))))))))...,-18.1
UUGGACAAGCAA,UUGUUUGUCCGG,.(((((((((((,))))))))))).,-21.9
UGUAUUGUGUGU,GCACAUAAUGUA,..((((((((((,))))))))))..,-16.7
GAAUGGUACUGA,UCGGUGCCGUUC,((((((((((((,)))))))))))),-24.0
AGCUGCUUAUUG,CAGUAAGUGGUU,.(((((((((((,))))))))))).,-19.6
UCGUUUCUAGGA,UCUUAGAGAUGG,.(((((((((((,))))))))))).,-20.1
GCGACGCUUGUU,AAUAAGUGUCGU,((((((((((((,)))))))))))),-22.4
UAGCAGGCUUGU,GCAGGCCUGCUG,((((((((((((,)))))))))))),-26.5
UGAUGCACGCAU,AUGUGUGCAUUA,((((((((((((,)))))))))))),-23.0
CAUUAUGGUUUA,UGGACUAUGAUG,((((((((((((,)))))))))))),-17.7
CUUUCUGGUGGU,AUCGUCAGAAGG,((((((((((((,)))))))))))),-17.9
GAGUCGGGCAUU,AAUGUCUGAUUC,((((((((((((,)))))))))))),-21.6
UGAACGUGGUGG,UCAUCGCGUUCG,.(((((((((((,))))))))))).,-23.1
CAGCUGGGUGAU,AUUGCCUAGCUG,((((((((((((,)))))))))))),-23.9
AGGCGGGUUGAG,UUCGACUCGUUU,.(((((((((((,))))))))))).,-20.4
UUGUAUUGGUCA,UGGCCGAUACAA,.(((((((((((,))))))))))).,-22.3
UACGCGCCAUAG,CUGUGGUGUGUA,((((((((((((,)))))))))))),-24.9
AUGUCAGCUGUU,GGCGGCUGGCGU,((((((((((((,)))))))))))),-22.7
UUGGGGUAGAUG,CGUUUACCUUAA,.(((((((((((,))))))))))).,-19.8
AUGAUUUGGUUG,CAACUGAGUCAU,((((((((((((,)))))))))))),-19.6
GGUGAGUGGGAC,GUUCCACUCACU,((((((((((((,)))))))))))),-27.1
GUUUCCAGUCCG,CGGGCUGGGGAU,((((((((((((,)))))))))))),-25.6
CCUUGGUCCUUC,GGAGGACCAGGG,((((((((((((,)))))))))))),-28.3
UCUUAGUUGGUG,CGCCGAUUGGGG,.(((((((((((,))))))))))).,-21.2
UUUUGGGAUUGU,GUGAUCCCGGAA,.(((((((((((,))))))))))).,-15.8
ACCUAGAGGAUA,UAUCUUUUGGGU,((((((((((((,)))))))))))),-20.5
ACCUUGCGUGAC,GUUACGUGGGGU,((((((((((((,)))))))))))),-23.0
CGAGGGGUGGGG,CCCUGCCUUUCG,((((((((((((,)))))))))))),-26.4
AGGGUACGUAUU,GGUACGUACCCU,((((((((((((,)))))))))))),-24.0
CCUUGCUUUAGG,UUUGGGGCAAGG,((((((((((((,)))))))))))),-20.3
UUCUGUCGGCCC,GGGUUGACAGAA,.(((((((((((,))))))))))).,-26.8
UGUCCUUCUGUU,AGUGGGAGGAUG,.(((((((((((,))))))))))).,-16.6
UAGAUACCCUCG,CGAGGGUAUUUG,((((((((((((,)))))))))))),-24.7
UCUGUUGAGUGA,UCGUUCAACGGG,.(((((((((((,))))))))))).,-18.7
GUAGCUUAGGCG,UGUCUAGGUUGC,((((((((((((,)))))))))))),-21.4
AUUUUCGGUGUA,UGUACCGGGAGU,((((((((((((,)))))))))))),-16.4
GUCGGUCGUAGU,ACUAUGGUUGGC,((((((((((((,)))))))))))),-17.7
AAAUUUCAGUGG,UCGCUGAGGUUU,((((((((((((,)))))))))))),-19.1
GUAGGUUAUUCC,GGAGUAGUCUAC,((((((((((((,)))))))))))),-19.5
AGAGGACCGUUU,GAACGGUUCUUU,.(((((((((((,))))))))))).,-21.0
UAGUGAGGUGGG,CCUAUUUCGCUA,((((((((((((,)))))))))))),-22.3
AUUAGAGUAUUU,GAGUACUUUAGU,((((((((((((,)))))))))))),-15.9
ACGUGGCUGGGC,GCUUGGCUGCGU,((((((((((((,)))))))))))),-23.7
GACUCUUUGGCG,UGCCGGAGAGUU,((((((((((((,)))))))))))),-24.2
GUUUUCGGUUGG,CUAAUCGGAGGU,.(((((((((((,))))))))))).,-17.5
GUACUCUAUUGG,UCGAUGGAGUGU,.(((((((((((,))))))))))).,-19.5
UGUAUUUCUCUA,UAGGGGAAUAUA,((((((((((((,)))))))))))),-18.0
AGGGAGUCCUUU,GAGGGACUCUUU,.(((((((((((,))))))))))).,-21.5
UCUAGCUUUGCG,UGUAGAGUUAGG,.(((((((((((,))))))))))).,-20.2
CUAUGUAUUUGA,UCAGGUGUGUAG,((((((((((((,)))))))))))),-14.2
GAUCUACGUGUA,UGUGUGUGGGUU,((((((((((((,)))))))))))),-11.5
GGCAGGAGGGUU,AGCUUUUCUGCC,((((((((((((,)))))))))))),-23.2
UCGCGGGUUAAA,UUUGGUUUGCGG,.(((((((((((,))))))))))).,-14.7
ACGUGCCAUGGG,CUCAUGGCAUGU,((((((((((((,)))))))))))),-26.4
CUGUAUGGUGUA,UACAUCAUGUGG,((((((((((((,)))))))))))),-16.2
UCCCUUGCCGGU,GUCGGUAGGGGA,((((((((((((,)))))))))))),-22.9
GAAGUGUUGACA,UGUUAGCAUUUU,((((((((((((,)))))))))))),-18.5
UUUGUCUGUACA,UGUGCAGGCGAG,.(((((((((((,))))))))))).,-22.2
UGUUUCCGUGAC,GUCGUGGGGACA,((((((((((((,)))))))))))),-20.6
UGUGUGUAGUGG,CCGUUACGUACG,.(((((((((((,))))))))))).,-16.5
AGGUACUUUGAA,UUCGAGGUACCU,((((((((((((,)))))))))))),-22.3
UUGGUCGUUGUG,CACGGCGAUCAG,.(((((((((((,))))))))))).,-23.2
AAUUAAUCUUUU,GAAGGAUUAAUU,((((((((((((,)))))))))))),-15.3
CAUGUCGGGGCU,AGUCUCGGUGUG,((((((((((((,)))))))))))),-18.7
GGGGAGCGGUGA,UCGCUGUUUCUC,((((((((((((,)))))))))))),-22.3
GAGGGUUGGGAU,GUCCUAGUCUUC,((((((((((((,)))))))))))),-18.4
UCAGGACUGGUA,UACCGGUCUUGA,((((((((((((,)))))))))))),-24.6
AUGAUUAUGGGA,UCUUAUGGUCGU,((((((((((((,)))))))))))),-17.7
UAAGCGUAAGUA,UAUUUGCGUUUA,((((((((((((,)))))))))))),-17.9
GAUGUUGUUCAU,GUGGGUAGCAUU,((((((((((((,)))))))))))),-14.6
GAUUUUCGAAUA,UAUUCGGAGGUU,((((((((((((,)))))))))))),-17.2
GCUUGUCGCCGU,GCGGUGAUGGGC,((((((((((((,)))))))))))),-23.9
GCGAUUUGGUGU,ACGUUGGAUCGC,((((((((((((,)))))))))))),-16.8
UGGUGGUGCACG,CGUGCGCCACCG,.(((((((((((,))))))))))).,-30.6
UGUCAGAGACAG,UUGUCUUUGACA,((((((((((((,)))))))))))),-22.9
UGGGGAGCCACC,GGUGGUUUUCUA,((((((((((((,)))))))))))),-24.0
GGAUUAGAGGUG,UGCUUCUGGUCC,((((((((((((,)))))))))))),-21.3
UCUUUGUGGGGU,ACUUUGCGAAGA,((((((((((((,)))))))))))),-18.3
GUAGUAAUGGGG,UCCUGUUGUUAC,((((((((((((,)))))))))))),-16.0
UGUGUUCUAACA,UGUUAGAGCAUG,.(((((((((((,))))))))))).,-20.9
AUGCAUACGUAU,GUGCGUGUGCGU,((((((((((((,)))))))))))),-22.0
GUUUAGGACGGA,UUUGUUCUGAAU,((((((((((((,)))))))))))),-17.4
GAGAGUUCUGGG,UUCAGGGUUCUU,((((((((((((,)))))))))))),-16.1
UAAAGAGUUAUG,UGUGACUCUUUG,((((((((((((,)))))))))))),-17.8
GUGUCUUGCUUU,AGAGCGGGAUAC,((((((((((((,)))))))))))),-21.6
GUUUCUCUGAAG,UUUCAGGGGAAC,((((((((((((,)))))))))))),-20.9
UAUUAGUCUCUU,AAGAGGCUGGUG,((((((((((((,)))))))))))),-20.2
GGUGCAAGAAGU,GCUUCUUGUACU,((((((((((((,)))))))))))),-22.6
UGUGCUGUAUGC,GCAUACAGCGUG,...(((((((((,)))))))))...,-23.3
AAUAUGGGUGGU,GUCACUUGUGUU,((((((((((((,)))))))))))),-13.3
UGUCUAGGUCGU,ACGACUUGGACA,((((((((((((,)))))))))))),-24.4
UACGACGGUUUU,GGGGUUGUUGUG,((((((((((((,)))))))))))),-12.0
UAAGCUGUUGCG,CGCAGUGGUUUG,((((((((((((,)))))))))))),-17.7
GUCGAGUGAGGC,GCUUCGCUUGAU,((((((((((((,)))))))))))),-24.6
UGCUCUAUGUUC,GGAUGUAGGGCG,.(((((((((((,))))))))))).,-21.3
ACGAUUUUGCGG,CCGUGAGAUUGU,((((((((((((,)))))))))))),-20.8
GUUGGGCGUGAC,GUUACGCUUAGC,((((((((((((,)))))))))))),-23.3
CCGACGAGCGUG,UACGCUUGUCGG,((((((((((((,)))))))))))),-27.4
UUCCUGUUUUGG,UUAGGGCAGGGA,((((((((((((,)))))))))))),-18.7
GUUGCUAUCGAA,UUCGAUAGUGGC,((((((((((((,)))))))))))),-20.8
UCUCGUGGCGGG,CCUGUUACGAGG,.(((((((((((,))))))))))).,-25.6
GGCUUGGGCGUU,GAUGCUUAAGCU,((((((((((((,)))))))))))),-21.4
GGUGCGUUCGGA,UUUGAACGCGUU,...(((((((((,)))))))))...,-19.0
GGGUUACUAGAU,GUUUAGUGGCCU,((((((((((((,)))))))))))),-20.1
GUUAUACUGGGU,AUUUGGUAUGGC,((((((((((((,)))))))))))),-16.0
CUCUGGUUGUGG,CCAUAAUCGGGG,((((((((((((,)))))))))))),-22.9
GCUGGAGGCUAU,AUGGUUUCUGGU,((((((((((((,)))))))))))),-19.3
GAGUUAUAUCCU,GGGAUGUAGUUC,((((((((((((,)))))))))))),-17.2
UUCAGAAUUUUG,CAGGGUUUUGGA,((((((((((((,)))))))))))),-16.5
AUCUGGGUAGUA,UAUUACUUAGGU,((((((((((((,)))))))))))),-17.9
AGUCGAGUGAUU,GAUCGUUUGACU,((((((((((((,)))))))))))),-16.7
CGGUGCGGAUGC,GCGUUUGUGCCG,((((((((((((,)))))))))))),-23.9
CGUGGUGACACG,CGUGUCAUUAUG,((((((((((((,)))))))))))),-23.3
AAAGAAGUCUUC,GAGGAUUUCUUU,((((((((((((,)))))))))))),-20.3
UCGUUGCUGGGG,CUUCGGUGGCGG,.(((((((((((,))))))))))).,-20.9
UGGUGUCUAUCU,AGGUAGAUAUUA,((((((((((((,)))))))))))),-18.8
ACUACAUGACAU,GUGUUGUGUAGU,((((((((((((,)))))))))))),-19.8
UGGUCUCUUAUC,GAUAAGGGGCUA,((((((((((((,)))))))))))),-22.1
GGGGCAAUCACG,UGUGAUUGCCUU,.(((((((((((,))))))))))).,-24.5
AUUCCUACGUUU,AGACGUGGGGAU,((((((((((((,)))))))))))),-21.7
GAGUUUUGAAGG,CCUUCAGGGCUC,((((((((((((,)))))))))))),-23.6
AUUGUUUUACUC,GGGUAGAAUAGU,((((((((((((,)))))))))))),-17.9
CGCGAUUGCUUG,CAGGUAAUCGUG,((((((((((((,)))))))))))),-23.2
UUUUGGUGCACU,AGUGUACCAAGA,((((((((((((,)))))))))))),-23.0
UUGAUGUGGCUU,GGGCCAUGUUAG,.(((((((((((,))))))))))).,-19.0
GGGCGAACAUGC,GUGUGUUUGUCU,((((((((((((,)))))))))))),-21.2
AGGUUGGGUUGU,ACGAUUCGACUU,.(((((((((((,))))))))))).,-18.7
UAGUCGCUCGUU,GGUGGGUGACUG,((((((((((((,)))))))))))),-17.6
GGAUCGGGAAAU,AUUUCUUGAUCC,((((((((((((,)))))))))))),-21.7
UGUCGCGCGGGC,GCCUGUGCGACG,.(((((((((((,))))))))))).,-30.1
AGUUAGGGUUUC,GGGGCCUUGACU,((((((((((((,)))))))))))),-21.2
CGGGGCGUGGAU,GUCCACGUUCCG,((((((((((((,)))))))))))),-26.3
GUCUGGUCGUUU,GAGUGGCUAGGU,.(((((((((((,))))))))))).,-15.1
GCAAGUGGGCUG,UAGCUUACUUGC,((((((((((((,)))))))))))),-24.1
GAAUUUGCGACU,GGUUGUAAGUUC,((((((((((((,)))))))))))),-19.0
CAGGGUAUUCUC,GAGAGUGUUCUG,((((((((((((,)))))))))))),-18.9
CACGGGAUGAAU,GUUUGUUUCGUG,((((((((((((,)))))))))))),-17.0
UCAUUCGAUUGC,GCAGUUGGGUGA,((((((((((((,)))))))))))),-21.7
UGUUCUUGCUUU,GAGGUGGGAGCG,.(((((((((((,))))))))))).,-18.1
AGCCUCUACGAG,UUUGUAGAGGUU,.(((((((((((,))))))))))).,-22.7
GUAGGUGGUAUU,GGUACCAUCUAC,((((((((((((,)))))))))))),-21.6
GGGUGUAGCUGU,GUAGUUAUACUC,((((((((((((,)))))))))))),-16.7
GGGUGAUCGCUA,UGGUGGUUGCCC,((((((((((((,)))))))))))),-23.0
UUCGUCUACUUC,GAGGUGGGUGAG,.(((((((((((,))))))))))).,-19.0
GGCGGGUUGGGG,CUUCAGCUCGUC,((((((((((((,)))))))))))),-23.5
GUUUCUGCUUUC,GAAAGCAGGAAU,((((((((((((,)))))))))))),-22.6
UCUCGUUGGCGU,AUGUCGACGAGA,((((((((((((,)))))))))))),-23.7
UCUAGUUAUUUC,GAGAUGGUUGGG,.(((((((((((,))))))))))).,-14.9
GUUAUGAAGUGG,UUACUUCAUGAU,((((((((((((,)))))))))))),-18.8
UGCUGUUUGUAA,UUAUAGGUGGCA,((((((((((((,)))))))))))),-14.2
AGUUGAGGCAGU,AUUGUCUCAAUU,.(((((((((((,))))))))))).,-20.4
UUUGGCGGUUUU,AAGACCGUCGAG,.(((((((((((,))))))))))).,-21.1
AUGGGUAUAGUU,GGUUGUGCCUAU,((((((((((((,)))))))))))),-15.0
UUAGGUGCUAUG,UAUAGCGUUUAA,.(((((((((((,))))))))))).,-15.2
AUGAAGAUGUUG,UAACGUCUUUAU,((((((((((((,)))))))))))),-18.5
GCGAGAUGGUCC,GGACCAUUUUGU,((((((((((((,)))))))))))),-25.1
AGCAUUAUCCGA,UUGGGUAGUGCU,((((((((((((,)))))))))))),-22.3
CUUACUCCAUCA,UGGUGGAGUGGG,((((((((((((,)))))))))))),-23.7
UGUGUUGAAUUG,CGGUUUAACACA,((((((((((((,)))))))))))),-19.7
GCGACUAGUUGG,CUAGUUGGUUGU,((((((((((((,)))))))))))),-17.2
AUAAAGUUUCGA,UUGAGGUUUUGU,((((((((((((,)))))))))))),-12.2
GGCAGAGGUAAU,GUUACUUCUGUC,((((((((((((,)))))))))))),-21.4
UUUGGUAUAAAG,UUUUGUAUCAGG,.(((((((((((,))))))))))).,-15.5
GUUGUCUUCAUU,GGUGAAGGUGGC,((((((((((((,)))))))))))),-14.6
UAGCGACGUCGU,GCGAUGUUGCUG,((((((((((((,)))))))))))),-23.3
GUAUGCUGUGUG,CACGCGGUAUGU,.(((((((((((,))))))))))).,-21.6
UGGGAGAGUCGG,CUGGCUUUCCUG,.(((((((((((,))))))))))).,-23.8
UCCUAGUGCUGG,UCGGCGUUGGGA,((((((((((((,)))))))))))),-20.7
AGGUACUCCAUA,UGUGGGGUAUUU,.(((((((((((,))))))))))).,-20.0
GGGGAGGGAGUG,UAUUUCUUCUCU,((((((((((((,)))))))))))),-19.4
AGGUGUGGCGAG,UUUGCUGUACCU,((((((((((((,)))))))))))),-18.6
GCAAUGAUGGGC,GUUCGUUAUUGU,((((((((((((,)))))))))))),-19.8
GUGUCGUUGUCG,UGAUGGCGGUAU,((((((((((((,)))))))))))),-15.7
GUUACGUAGGUG,UACUUAUGUGGU,.(((((((((((,))))))))))).,-17.1
CGUUGACCUGUU,AGUGGGUUAACG,((((((((((((,)))))))))))),-17.6
UGGGUCUGAUGA,UUAUUAGACUCG,.(((((((((((,))))))))))).,-20.5
UAGCUGGUGGCU,AGCUGCCGGUUA,((((((((((((,)))))))))))),-23.7
GUAACUCGAGAU,GUUUUGAGUUAC,((((((((((((,)))))))))))),-19.4
GUUCGAGAGUAG,CUGCUUUUGAGC,((((((((((((,)))))))))))),-22.0
AGGUAUCAUUAG,CUGAUGGUGUCU,((((((((((((,)))))))))))),-17.5
UGAGUGCUCGUG,CGUGGGCAUUUG,.(((((((((((,))))))))))).,-18.4
GUAGCGCUGAGU,GUUCGGUGUUGC,((((((((((((,)))))))))))),-18.0
CUCCGGGAGGCA,UGUCUUCUGGAG,((((((((((((,)))))))))))),-25.3
CGAGGGUAUGUU,AACGUGUUCUCG,((((((((((((,)))))))))))),-17.7
GUUGCUUAUGUG,CAUAUAGGCGAU,((((((((((((,)))))))))))),-20.8
CUGUACUAGUUA,UAAUUGGUAUGG,((((((((((((,)))))))))))),-17.0
UGUAGUGAGGUG,UAUUUCAUUAUA,((((((((((((,)))))))))))),-16.5
GGAAUCAUGUAG,UUGCAUGGUUUC,((((((((((((,)))))))))))),-19.3
GAAGCACUCUUU,GGAGGGUGUUUC,((((((((((((,)))))))))))),-20.5
AGCUAGUGGGUG,UGCUCGCUAGCU,((((((((((((,)))))))))))),-23.5
GUUCGAGGGCCA,UGGUCUUUGGAC,((((((((((((,)))))))))))),-22.8
GGUGCUGUUUCG,UGAAAUAGUGCC,((((((((((((,)))))))))))),-21.4
GGAGGGGAGGGU,AUCCUCUCUUCC,((((((((((((,)))))))))))),-25.9
CAGCUCCGUUUG,UGAAUGGGGUUG,((((((((((((,)))))))))))),-20.1
GUUCUUCUUGUG,CGCGAGAAGGGC,((((((((((((,)))))))))))),-22.8
UGGUGACAUCUC,GGGGUGUCACCA,((((((((((((,)))))))))))),-26.5
UUGUGCUAGUGU,GCGUUAGCACGA,((((((((((((,)))))))))))),-18.8
UCGUUAGGUCUU,AAGAUCUAGUGA,((((((((((((,)))))))))))),-17.5
AUGGGUGGUGGA,UCUGUCGCCCAU,((((((((((((,)))))))))))),-20.6
GCUUCAGAUAGC,GUUAUUUGGGGU,((((((((((((,)))))))))))),-19.7
GUGGUGGGUGUC,GGCAUUUACCGC,((((((((((((,)))))))))))),-23.0
CUUGAGUACCGG,UUGGUAUUCGAG,((((((((((((,)))))))))))),-21.2
UGGGUGGGUGAC,GUUGUUCACCUG,.(((((((((((,))))))))))).,-18.0
CUUUGUCGGGUU,AGUCCGAUGGGG,((((((((((((,)))))))))))),-16.3
GUUUCAGUUAGU,ACUGGUUGGAAC,((((((((((((,)))))))))))),-16.3
CGGCUCGCUCCG,UGGAGUGAGUUG,((((((((((((,)))))))))))),-25.3
CUUUUAGCACUC,GAGUGUUAAGAG,((((((((((((,)))))))))))),-22.2
GUCUCUGGAGCG,CGUUCCAGAGGC,((((((((((((,)))))))))))),-28.1
GUGAUGGUGACC,GGUUACCGUCGU,..((((((((((,))))))))))..,-24.1
GCAGGCCGUAUG,UGUAUGGCUUGU,((((((((((((,)))))))))))),-22.0
UCAUUGGUGGGG,CUUUAUCGAUGA,((((((((((((,)))))))))))),-19.0
UUGCAGCUGCUC,GAGUGGCUGUAA,.(((((((((((,))))))))))).,-24.5
CAGAUCUUGUUU,AAAUAAGAUUUG,((((((((((((,)))))))))))),-17.9
AGUAGACUUUUA,UGAAGGUUUGUU,..((((((((((,))))))))))..,-14.1
GGUCCGGUUUGA,UUGAGUUGGGUC,((((((((((((,)))))))))))),-11.5
AUUAGGCAGGGG,CCUCUGUUUGGU,((((((((((((,)))))))))))),-21.3
GCAGGUCCAAGA,UUUUGGGCCUGU,((((((((((((,)))))))))))),-24.7
GCGUGCCUUGCG,UGCGGGGUGUGC,((((((((((((,)))))))))))),-21.1
CUGCCUGAAGUA,UGUUUCAGGCGG,((((((((((((,)))))))))))),-21.0
UGUGGAGUUUUC,GAGAGCUCCGCA,((((((((((((,)))))))))))),-24.8
CCGAUGCUGUGG,UCGCAGCGUCGG,((((((((((((,)))))))))))),-27.2
UCGGUCGUCCCG,UGGGGCGAUCGA,((((((((((((,)))))))))))),-27.3
UCAUUUUGGUGG,CCGCUGAAAUGG,.(((((((((((,))))))))))).,-21.0
GGAUGGAUAAUU,AGUUAUUUGUUC,((((((((((((,)))))))))))),-14.2
UGACCUCUGGAC,GUCUGGAGGUUG,.(((((((((((,))))))))))).,-24.2
GUACUUUUAGAG,CUCUGAAGGUGC,((((((((((((,)))))))))))),-22.4
CGGUCUGGGGUG,CAUCCUGGACUG,((((((((((((,)))))))))))),-24.5
UUGAACAGUGGG,UUUAUUGUUCGG,.(((((((((((,))))))))))).,-16.8
AGGAUAAUAGUC,GACUGUUGUCCU,((((((((((((,)))))))))))),-23.8
GAAUAGGGAGGG,UUCUCUCUAUUC,((((((((((((,)))))))))))),-21.2
CUCGAGCUCCGU,AUGGGGUUUGGG,((((((((((((,)))))))))))),-22.3
UAGUUGGUUCAC,GUGAACCGGUUA,...(((((((((,)))))))))...,-19.2
UAUUGUAGCGCU,AGUGCUACGGUA,((((((((((((,)))))))))))),-22.3
UGGAGGUGUCUG,CGGGUGUUUUCA,((((((((((((,)))))))))))),-11.8
GUUUGGGUGUGG,UCAUACCUAGAU,((((((((((((,)))))))))))),-20.7
GGACAGUUUCGC,GCGAGGCUGUUU,.(((((((((((,))))))))))).,-23.8
AGCUCUGUUGCC,GGCGGCAGGGUU,.(((((((((((,))))))))))).,-25.7
AUGUUUAGAGUC,GACUUUGAAUGU,((((((((((((,)))))))))))),-17.9
CGUGCUUGUUUU,AGAAUGAGUGCG,((((((((((((,)))))))))))),-17.6
GUUUUGCACCCU,AGGGUGCGAAGU,.(((((((((((,))))))))))).,-23.9
GUGUUGCUUGUG,CGUAAGCAACGU,..((((((((((,))))))))))..,-18.4
UCGGUUGGUAGU,ACUAUCAAUCGG,.(((((((((((,))))))))))).,-21.5
UGGCGGAUGGUU,GAUUGUCUGCCA,((((((((((((,)))))))))))),-20.8
CGGUCGUUCCGA,UUGGGGUGACCG,((((((((((((,)))))))))))),-21.4
CGAGGAUGGCUG,UAGCCAUUUUCG,((((((((((((,)))))))))))),-23.5
GCUAGCGUUUUA,UGAAAUGUUGGC,((((((((((((,)))))))))))),-19.5
UUGUUUAUUGGA,UUCGGUGGGCAA,.(((((((((((,))))))))))).,-16.2
GUCCCUAUGGUC,GAUCGUAGGGGC,((((((((((((,)))))))))))),-26.2
GCUUUGUUUCUC,GAGAAGCGAGGU,((((((((((((,)))))))))))),-22.4
GGAAUACGAGGG,CCCUUGUAUUUU,.(((((((((((,))))))))))).,-22.6
UCAUGACGAUGC,GUGUUGUCAUGG,.(((((((((((,))))))))))).,-21.8
UCUAGUGGCUGG,CUAGCCGUUGGA,((((((((((((,)))))))))))),-21.8
UCCGACGACGGU,GCCGUUGUUGGA,((((((((((((,)))))))))))),-25.5
UCUUAUCUUAUU,GAUAAGAUGAGG,.(((((((((((,))))))))))).,-18.4
UGAUGGGGACAC,GUGUUUUCGUUA,((((((((((((,)))))))))))),-19.0
GGGAAAUUCAUA,UAUGGAUUUCUU,.(((((((((((,))))))))))).,-17.9
UUUCCCAGGGUU,GAUUUUGGGGAA,.(((((((((((,))))))))))).,-18.6
AAUAAUGUACUA,UGGUGCAUUAUU,((((((((((((,)))))))))))),-18.7
UGGUGUUAGUUG,UGAUUGAUGUUA,....((((((((,))))))))....,-10.3
UGAGCUGGCGGG,UUCGCUGGUUUA,((((((((((((,)))))))))))),-19.9
AUUUAAUACGUG,CGCGUGUUGGAU,((((((((((((,)))))))))))),-19.4
GGUUUUGCAGGG,UUUUGCGAAGUC,((((((((((((,)))))))))))),-14.8
AGGGUGGGAUCC,GGAUUUCGUCCU,((((((((((((,)))))))))))),-20.7
CCUGUCUUCGCC,GGUGAGGACGGG,((((((((((((,)))))))))))),-27.8
AUCCAUGUGGCG,UGCUAUAUGGAU,((((((((((((,)))))))))))),-23.1
GAUCGUUGUGCC,GGCGUAAUGGUU,((((((((((((,)))))))))))),-19.3
UUCUGCGAGUUG,UAGUUCGUGGAA,.(((((((((((,))))))))))).,-16.2
GGACUUGGACUG,CGGUCUAGGUUU,.(((((((((((,))))))))))).,-21.8
UAGUGGGUGUUU,GAAUACCUACUA,((((((((((((,)))))))))))),-20.6
GUCUGACGAUGG,CUGUCGUCGGGC,((((((((((((,)))))))))))),-24.3
UGACACGCGUGA,UUGUGUGUGUCG,.(((((((((((,))))))))))).,-18.4
UCCGGCGUGCGG,CUGCGUGCUGGA,((((((((((((,)))))))))))),-24.7
GCCAUUAGGUGU,ACGCCUAGUGGU,((((((((((((,)))))))))))),-25.4
UGCGGUUGUCAC,GUGGUAAUUGCA,((((((((((((,)))))))))))),-18.8
UGUCCACCAUGG,UUAUGGUGGGUG,..((((((((((,))))))))))..,-20.5
AGGUGUAGGUUG,UAACCUACGUCU,((((((((((((,)))))))))))),-19.5
CUGUGGUUUGCU,AGCGGACUAUGG,((((((((((((,)))))))))))),-20.4
GCUGGAGUCAUG,CAUGACUUUGGC,((((((((((((,)))))))))))),-23.2
UUUAUGGUGGGU,GCCCGCCGUGGA,((((((((((((,)))))))))))),-23.7
UUUUGAUUGUUA,UAGCGAUCGAGG,.(((((((((((,))))))))))).,-17.4
GAAGAUGUGAUG,UGUUACAUCUUC,((((((((((((,)))))))))))),-19.9
CCGUUCUUCGGA,UCUGAAGAGCGG,((((((((((((,)))))))))))),-25.5
UGUCAUACGUUG,CGGCGUAUGACG,.(((((((((((,))))))))))).,-23.8
UAUAUUAUCGUA,UACGGUGAUGUA,((((((((((((,)))))))))))),-18.4
GUCCUGAUGGCG,CGUUAUUAGGGU,.(((((((((((,))))))))))).,-21.0
UAUCAAGACUUG,CGAGUUUUGGUG,((((((((((((,)))))))))))),-19.5
CGGUGGUCGGAG,CUCCGGUUGUUG,......((((((,))))))......,-16.0
GUAGAGCUUUAU,GUGAAGUUUUAC,((((((((((((,)))))))))))),-17.5
GGGGCUGACUGG,UCAGUUGGCCUU,.(((((((((((,))))))))))).,-23.3
AGGUGGGGCUGU,GUGGCUCCAUCU,((((((((((((,)))))))))))),-19.7
UUGCGCUUUAGG,CUUAGGGUGCGA,((((((((((((,)))))))))))),-20.9
GUGAGUUCGGUC,GACUGAACUUGU,..((((((((((,))))))))))..,-21.4
GGCUGUCUUAUG,CGUAGGGUAGCU,((((((((((((,)))))))))))),-19.3
ACGAAUUAUUUG,UGAGUAAUUUGU,((((((((((((,)))))))))))),-14.9
UUCAGGUUUUGG,UCGAAAUUUGAA,.(((((((((((,))))))))))).,-16.8
GACUGUGUUAUU,GAUGGCAUAGUC,((((((((((((,)))))))))))),-19.9
CGGUUAUCGUGA,UUAUGAUGACUG,((((((((((((,)))))))))))),-19.6
UCUAUUUGGCUG,UGGCUAAAUAGG,.(((((((((((,))))))))))).,-19.4
AGUUGGGGACUC,GAGUCUUUAGUU,..((((((((((,))))))))))..,-18.0
GGAAAUGAGUCG,UGGCUUAUUUCU,((((((((((((,)))))))))))),-20.0
CUCGACGGUUGG,UUAACCGUCGGG,((((((((((((,)))))))))))),-24.2
GCAUUAUAGAAU,GUUUUAUGAUGC,((((((((((((,)))))))))))),-17.8
GGUCGUCGCUGG,UUAGCGACGAUU,.(((((((((((,))))))))))).,-23.7
AAGGACGCUGUG,UAUAGCGUUCUU,((((((((((((,)))))))))))),-22.1
GUUCGCGGAAUG,UAUUUUGCGGGU,.(((((((((((,))))))))))).,-17.4
GGGUUUGAGUUC,GAACUCAGAUCU,((((((((((((,)))))))))))),-22.6
GCUCUGUUGGCA,UGCUGGCGGGGC,((((((((((((,)))))))))))),-23.8
UCUCCGUUUGAC,GUUGGGCGGGGA,((((((((((((,)))))))))))),-22.0
AGUGCGUUUUGU,ACGAAGCGUAUU,.(((((((((((,))))))))))).,-19.6
CACUGGGUGGAC,GUCUACCUGGUG,((((((((((((,)))))))))))),-25.5
AUAUUGCGCGUU,GGUGCGUGAUAU,((((((((((((,)))))))))))),-15.2
UGCUGUUUAUUC,GAGUGGACAGUA,((((((((((((,)))))))))))),-20.7
GUUUGCUUGUUC,GAGCAGGUGAGC,((((((((((((,)))))))))))),-21.0
GGAUCUGAGAGG,UCUUUUAGAUUC,((((((((((((,)))))))))))),-19.5
CUAGGGCGGCGU,ACGUCGUUUUAG,((((((((((((,)))))))))))),-21.7
UUGUCCAGUGUC,GACGCUGGAUAA,.(((((((((((,))))))))))).,-25.4
UUGUUUGCCGGA,UUUGGCAAACGA,((((((((((((,)))))))))))),-21.2
UAGCCGGGAGGA,UCUUCUCGGUUA,((((((((((((,)))))))))))),-23.7
CGGGAAUUGUAA,UUAUAGUUCUCG,((((((((((((,)))))))))))),-18.9
GAUGUGUGUUUU,GGGGCACAUGUC,((((((((((((,)))))))))))),-17.6
GGUCUUGUCCCG,UGGGACGGGGUC,((((((((((((,)))))))))))),-21.6
GUGGCGGCAUCG,CGGUGCUGUCGU,..((((((((((,))))))))))..,-24.0
GGUAGAGGUGUU,AGCAUCUUUAUC,((((((((((((,)))))))))))),-19.5
GUUAUUCGUUUG,UGAAUGAAUGAC,((((((((((((,)))))))))))),-16.9
AAGUUAGUGUUU,AGGUAUUGGUUU,...(((((((((,)))))))))...,-7.6
UUGGUUGUUCCA,UGGAGCGGCUGG,..((((((((((,))))))))))..,-20.7
UCUGAAUUGAGC,GCUCGGUUCAGA,((((((((((((,)))))))))))),-24.7
GUUGUAACUCUG,UGGAGUUGCGAC,((((((((((((,)))))))))))),-21.1
UGUACCUGGGUA,UGUCCGGGUGCA,((((((((((((,)))))))))))),-21.6
CAUCUGUUGAUC,GGUUGGUGGAUG,((((((((((((,)))))))))))),-14.6
UGGUUGGGUACA,UGUGCCCAGCUA,((((((((((((,)))))))))))),-25.2
GGUAUGUUGGGU,ACCUAAUAUGUU,..((((((((((,))))))))))..,-17.3
UAAGCGAUGAGG,CUUUGUUGUUUA,((((((((((((,)))))))))))),-16.8
UGUAUCUCCUUG,UGGGGAGAUACG,.(((((((((((,))))))))))).,-21.9
AGGUGGCUGUUA,UGGUAGUCGUCU,((((((((((((,)))))))))))),-13.5
UGAUCCAGUGGU,ACUAUUGGAUUG,.(((((((((((,))))))))))).,-21.0
UGACUGUCCUGU,GUGGGACGGUUG,.(((((((((((,))))))))))).,-18.0
UUUUCGAUCGGU,GCCGAUCGGAAG,.(((((((((((,))))))))))).,-23.0
GACCGUAUUGGU,GUUGAUACGGUC,((((((((((((,)))))))))))),-17.4
AGAAGAGCGGUU,AGUUGCUCUUUU,.(((((((((((,))))))))))).,-16.8
UGUUGAGAUCGU,GUGGUUUUAAUG,.(((((((((((,))))))))))).,-12.1
CGACGCUUUGAU,GUCGGGGUGUCG,((((((((((((,)))))))))))),-21.5
GGAUUCUAAGAG,CUCUUGGAGUCC,((((((((((((,)))))))))))),-24.9
UUGGGGCACGGC,GCUGUGUCUUAA,.(((((((((((,))))))))))).,-23.4
GAUCCGUCGUAU,GUAUGGUGGAUC,((((((((((((,)))))))))))),-18.6
UCGGUGGAUGAA,UUUAUUUGUUGG,.(((((((((((,))))))))))).,-10.9
CAACUGCUGUGU,GUACGGCAGUUG,((((((((((((,)))))))))))),-20.5
CAUGUGAUCCGU,GUGGGUCACGUG,((((((((((((,)))))))))))),-20.2
CAUUAUUUAAAC,GUUUAGGUGAUG,((((((((((((,)))))))))))),-17.4
UACACGUCUGGU,ACUAGAUGUGUG,((((((((((((,)))))))))))),-22.8
UCAGGCUUAUCA,UGAUGAGCCUGG,.(((((((((((,))))))))))).,-25.4
CUUUUCGGACAA,UUGUUUGAAAGG,((((((((((((,)))))))))))),-18.3
GCGGUCCGUGGC,GCUGUGGGCCGU,((((((((((((,)))))))))))),-24.4
GUUCGGAAAUUG,CAAUUUCUGGGC,((((((((((((,)))))))))))),-20.5
UUAAGGAGCUGA,UUAGCUCUUUGG,.(((((((((((,))))))))))).,-20.4
UAUACCUGCUGC,GUAGCAGGUGUG,((((((((((((,)))))))))))),-25.7
UGAGUUCAUUAG,CUAGUGAGUUCA,((((((((((((,)))))))))))),-18.0
AGUGAGGUGAGG,UUUUACCUCGUU,...(((((((((,)))))))))...,-18.2
CGUGCCGUCGCG,UGCGGUGGUGCG,((((((((((((,)))))))))))),-22.5
GCUAUGUGGAAU,GUUCCGCGUGGU,((((((((((((,)))))))))))),-22.1
UUUAGACGAGCC,GGUUUGUUUGAA,.(((((((((((,))))))))))).,-20.1
AGCUUAAUGAUC,GGUCAUUAGGUU,.(((((((((((,))))))))))).,-20.2
GCUUGUUUCUAG,CUAGGAGCGAGC,((((((((((((,)))))))))))),-23.8
GGCUUGCUCGUA,UGUGAGUAGGUC,((((((((((((,)))))))))))),-18.8
GACCUGAAGUAA,UUAUUUUAGGUC,((((((((((((,)))))))))))),-20.4
GUUGCGGUGAGG,UCUUACUGCAAC,((((((((((((,)))))))))))),-23.5
GGUGGGAGCAGG,UUUGUUUUCGCC,((((((((((((,)))))))))))),-20.1
UUAUUCGGGGAA,UUUUCCGAAUGA,((((((((((((,)))))))))))),-19.1
AGCAGUCUGUAC,GUAUGGAUUGCU,((((((((((((,)))))))))))),-22.3
GUCGGGUUCUGA,UUGGAGUCUGGC,((((((((((((,)))))))))))),-16.8
GUUGCCGCGGUU,AGUUGUGGUAAU,((((((((((((,)))))))))))),-16.9
UGAGUUAGUAUG,UGUACUAACUUA,((((((((((((,)))))))))))),-18.3
UUAGGGUUAUUC,GGAUGGUUUUAG,.(((((((((((,))))))))))).,-11.6
GGGGCGUCGGGG,CCUUGGCGUUUU,.(((((((((((,))))))))))).,-21.6
UAGGUAGGUUUG,CAAGCCUACUUG,((((((((((((,)))))))))))),-22.4
UGAGUUCAUUGU,ACGAUGAAUUUG,.(((((((((((,))))))))))).,-18.2
AUGUUAUUGGAG,UUUCAGUGAUAU,((((((((((((,)))))))))))),-16.1
GCUAUAGGUGAG,CUUGCCUAUAGU,((((((((((((,)))))))))))),-23.0
CUAUUCGUAAGG,CUUUGUGGAUAG,((((((((((((,)))))))))))),-16.2
UCGUAUCAAAAG,CUUUUGAUGUGG,.(((((((((((,))))))))))).,-17.2
UUAUGGCUUUGG,CUAAAGUUAUGA,((((((((((((,)))))))))))),-18.1
CUUUCGGUGGUG,UGUCGUCGAGGG,((((((((((((,)))))))))))),-12.8
AUACAUGCAGGA,UUUUGCGUGUGU,((((((((((((,)))))))))))),-19.9
GACGUUUCCGAG,CUUGGGAAUGUU,((((((((((((,)))))))))))),-21.8
AUUGCGUUUGCA,UGCGGACGUAGU,((((((((((((,)))))))))))),-21.3
GUCGUAUGUUAA,UUGACGUGCGGU,.(((((((((((,))))))))))).,-18.7
UAUUUGAGAUUC,GGAUUUCAGGUA,((((((((((((,)))))))))))),-17.7
AAAUUUGAUCUU,AGGAUUAGAUUU,((((((((((((,)))))))))))),-16.0
GACAGUGGAUGA,UUAUCCGUUGUU,((((((((((((,)))))))))))),-17.9
AGGCCUUGUAGU,ACUACGGGGUUU,.(((((((((((,))))))))))).,-21.5
GCGCGCGUUGCC,GGUGAUGUGCGU,((((((((((((,)))))))))))),-25.4
CUAGAGGGGUAG,UUGCCUCUUUAG,((((((((((((,)))))))))))),-21.7
UGAUGUUCCUUC,GGAGGGGUAUCA,((((((((((((,)))))))))))),-19.1
UGUUAUUGCUAA,UUAGUAGUGACG,.(((((((((((,))))))))))).,-18.8
AUGUUAGAGUUA,UAAUUCUAGUAU,((((((((((((,)))))))))))),-13.9
UCUUUCGUGGCU,GGCUGCGGAAGA,((((((((((((,)))))))))))),-22.2
UCCGUAGGUGAU,AUCGUUUACGGA,((((((((((((,)))))))))))),-19.0
AGGGUCGUGGGA,UUUCAUGGCUUU,.(((((((((((,))))))))))).,-18.0
CUGCUUAGGUUU,GAAUUUAAGCAG,((((((((((((,)))))))))))),-18.9
GAGUUCUGUGAG,CUUGCGGAACUU,((((((((((((,)))))))))))),-21.7
UUUUCUCGUUCC,GGGAUGGGAAGG,.(((((((((((,))))))))))).,-21.0
UCGUGGGUCCUU,AGGGGCUUAUGA,((((((((((((,)))))))))))),-21.5
GCGUUGGCUUCU,AGAAGCUGAUGU,((((((((((((,)))))))))))),-22.0
GUUGGAGGCUGC,GCGGCUUUUAAU,((((((((((((,)))))))))))),-21.7
AGUUGUUGGUUA,UAGCUAGCAAUU,.(((((((((((,))))))))))).,-18.2
AACUUGUUUGUG,UGCAAACGGGUU,((((((((((((,)))))))))))),-18.2
GUUCUUAUUUAA,UUAAGUGAGAAC,((((((((((((,)))))))))))),-18.0
UGAGGGGAAUGU,ACAUUCCCUUUA,((((((((((((,)))))))))))),-23.0
UAAUUGAGUUCA,UGAAUUUGGUUG,((((((((((((,)))))))))))),-14.7
UUGGGCCAGCUC,GGGUUGGCUUAG,.(((((((((((,))))))))))).,-23.7
AAUGAGUCUUGG,UCGGGGUUCGUU,((((((((((((,)))))))))))),-15.2
ACUGCUGGGCGA,UCGCUUAGUGGU,((((((((((((,)))))))))))),-22.9
CGAUAUUUUGGG,UUUAAGAUAUUG,((((((((((((,)))))))))))),-14.3
UAGUUUUGGAAU,GUUUUAGAGCUA,((((((((((((,)))))))))))),-15.3
GUGGGGUCCGCG,UGUGGGCCUUAU,((((((((((((,)))))))))))),-23.7
UGGUGUUCUCAA,UUGAGGAUACCG,.(((((((((((,))))))))))).,-22.7
GUUUACGGGGCG,UGUCCUGUAGAC,((((((((((((,)))))))))))),-23.1
GCACGUCGUUCU,GGGAUGGCGUGC,((((((((((((,)))))))))))),-24.1
GGUAUCCGGAGG,UUUUCGGAUAUU,.(((((((((((,))))))))))).,-19.3
GUGUGGAUUUGC,GUAGGUUCACGU,..((((((((((,))))))))))..,-18.7
CGGCGGUAAUGA,UCAUUACCGUUG,((((((((((((,)))))))))))),-23.1
UGUCGGUUACCG,CGGUAAUCGACG,.(((((((((((,))))))))))).,-25.7
UGUGGAGGGUAG,UUGCCCUCCACA,((((((((((((,)))))))))))),-27.7
UUUGAUGACAGG,UCUGUUAUUGGG,.(((((((((((,))))))))))).,-16.6
GUUCUUGGUUUG,CAAGCUGGGGAC,((((((((((((,)))))))))))),-19.7
CGCUGCCGUCGU,GCGGUGGUAGCG,((((((((((((,)))))))))))),-23.5
GCGCCCAUGCUG,UAGCGUGGGUGC,((((((((((((,)))))))))))),-28.6
UGGUAUGAGGGU,GCUUUCAUGUCA,((((((((((((,)))))))))))),-16.4
CUGUUUUGUCGA,UUGAUGGAGUAG,((((((((((((,)))))))))))),-13.4
GAUCCUGUGAGC,GCUCAUAGGGUU,((((((((((((,)))))))))))),-25.6
UUUCAUAGAGUA,UGCUCUGUGAAG,.(((((((((((,))))))))))).,-21.4
UUUUAUUUCAUU,AGUGGGAUGAAA,.(((((((((((,))))))))))).,-15.4
GUUGUCCCUCGG,UUGAGGGAUAGC,((((((((((((,)))))))))))),-24.2
GGAAUUCUUUGC,GUAGGGAGUUUC,((((((((((((,)))))))))))),-18.9
UAUGGAAGGGCG,UGUCCUUCUAUG,((((((((((((,)))))))))))),-22.1
GAAUGUGAGUUA,UGGUUCAUAUUU,((((((((((((,)))))))))))),-13.5
CGCUUGAAAGUU,GGCUUUUGAGCG,((((((((((((,)))))))))))),-19.4
AGAACCUAUCGA,UCGAUGGGUUUU,.(((((((((((,))))))))))).,-22.3
AGGAUGGAUGGU,GCUAUCUGUCCU,((((((((((((,)))))))))))),-21.9
UGUUCCGGGUUU,GGACCUGGAAUA,((((((((((((,)))))))))))),-21.6
CAACGGAUUGUC,GGUAAUUUGUUG,((((((((((((,)))))))))))),-15.7
CGCAUUUGAGUC,GGUUUAGAUGCG,((((((((((((,)))))))))))),-18.1
GGUGUGAAUUUU,GAAAUUUACGCU,((((((((((((,)))))))))))),-17.4
GGUAGUUAUCCG,CGGGUGACUAUC,((((((((((((,)))))))))))),-23.6
AUUUGGUUUGGA,UUCGAGCCAGGU,((((((((((((,)))))))))))),-19.0
GUGUUUGUGGAC,GUCUGUAGACAU,((((((((((((,)))))))))))),-17.3
AGGGUUAAUGGG,UUCAUUAACCCU,((((((((((((,)))))))))))),-22.0
CUUGUGCUAGCG,UGUUGGCAUAGG,((((((((((((,)))))))))))),-21.5
AUAGUUAAGUGG,CCAUUUGAUUAU,((((((((((((,)))))))))))),-18.7
CAGUUGAUGGUA,UAUCGUCAGCUG,((((((((((((,)))))))))))),-21.8
UGGUUGCUCUAA,UUGGGGCAGCUA,((((((((((((,)))))))))))),-21.8
CGACUGGGUGGG,UCCGCCUAGUCG,((((((((((((,)))))))))))),-27.5
GUGGAGACUGCC,GGUAGUUUUCAU,((((((((((((,)))))))))))),-22.9
GGCGUAGUGGAG,CUCUAUUACGCU,((((((((((((,)))))))))))),-24.7
GUGUGGUUGCGG,UUGCGAUCGCGC,((((((((((((,)))))))))))),-22.0
UUUCUGGUUAGC,GUUGACUGGAAA,.(((((((((((,))))))))))).,-19.4
ACGGAGUGAUGG,CUGUCGCUCCGU,((((((((((((,)))))))))))),-25.6
UUUGUUUACUAG,UUAGUGGGCAGA,((((((((((((,)))))))))))),-17.5
AGGGAUGGUUCG,CGGGCCAUUUCU,((((((((((((,)))))))))))),-22.5
GAAGGCGGGUAU,AUAUCUGCUUUC,((((((((((((,)))))))))))),-21.4
UGCUGUAGGUGC,GCGUCUGCAGCG,.(((((((((((,))))))))))).,-23.8
GCACUUGAACAA,UUGUUUGGGUGU,((((((((((((,)))))))))))),-19.0
GCUGUGUAGUGU,GCACUAUACGGC,((((((((((((,)))))))))))),-24.0
GGCUUGCGACGG,UCGUCGUGGGCU,((((((((((((,)))))))))))),-24.0
AUGGAUUUGGUG,CGUCAGAUCUAU,((((((((((((,)))))))))))),-17.0
UAUAGGGUACCC,GGGUGUUUUGUG,((((((((((((,)))))))))))),-17.1
GCUUUCUUGGGC,GUUCGGGAGGGC,((((((((((((,)))))))))))),-21.6
UUAUCGAGUUAG,UUGACUCGGUAA,.(((((((((((,))))))))))).,-20.0
AUUUGCAGUGUU,AAUGCUGCAAAU,((((((((((((,)))))))))))),-19.8
UUAUCUAGGGGC,GCCUUUGGGUGG,.(((((((((((,))))))))))).,-21.5
GUUGCGUGGUAG,UUGCUAUGCAGC,((((((((((((,)))))))))))),-21.9
GGUAAUUGUCAG,CUGACGGUUACU,((((((((((((,)))))))))))),-22.3
AUUGUCGAGUUG,CGGCUUGGCAAU,((((((((((((,)))))))))))),-21.0
ACUCGCUGCUGG,CCGGCGGUGAGU,((((((((((((,)))))))))))),-28.0
GGUAUUCUUCGU,GUGGAGAAUGCU,((((((((((((,)))))))))))),-16.8
GGCAGUGCAGGG,CUUUGUAUUGCU,((((((((((((,)))))))))))),-22.1
AGUGUAUGAGAU,AUCUCGUAUAUU,.(((((((((((,))))))))))).,-19.3
CAUUUCAGUUGA,UUAGUUGAAGUG,((((((((((((,)))))))))))),-14.7
UCGGGUGUUGUU,GAUGAUACCUGG,.(((((((((((,))))))))))).,-18.9
GUGGGAUUUCGA,UCGAAGUCUCAU,((((((((((((,)))))))))))),-22.1
AUCUCUUAGCGA,UCGUUGAGGGAU,((((((((((((,)))))))))))),-21.9
GACUCCAGGUUU,AGAUUUGGAGUC,((((((((((((,)))))))))))),-22.1
UUAGGGGAAGGA,UUCUUUCUCUGG,.(((((((((((,))))))))))).,-18.8
AGUGGCUUGAUU,AGUUGAGCCAUU,.(((((((((((,))))))))))).,-20.0
GAGCAUGCGAGA,UUUCGUAUGCUC,((((((((((((,)))))))))))),-24.3
GGGUUGGGGUUU,AAGCUCUAGCUC,((((((((((((,)))))))))))),-20.6
GGUCUGGUGGUG,CAUCGUCGGACC,((((((((((((,)))))))))))),-22.2
AGUCUGUAAUCA,UGAUUAUAGGUU,..((((((((((,))))))))))..,-16.9
UAAGCCUUCUCG,UGAGAAGGUUUA,((((((((((((,)))))))))))),-22.7
GUGGGUUAUUGU,ACAAUAAUCCGU,..((((((((((,))))))))))..,-19.4
CUAUCUGUAGCG,UGCUAUGGGUGG,((((((((((((,)))))))))))),-20.7
AUAAGCUGGUGU,GCGCCAGUUUGU,((((((((((((,)))))))))))),-22.1
GUGGGCGCGUUA,UGAUGUGUCUAC,((((((((((((,)))))))))))),-21.3
AUCGGCGUAGGC,GUCUAUGUUGGU,((((((((((((,)))))))))))),-21.1
GUCCCACUUUCU,AGGAGGUGGGGU,.(((((((((((,))))))))))).,-23.3
CGCUGGUUGAGA,UUUUGACCAGCG,((((((((((((,)))))))))))),-22.7
UUCUGGGUGCAA,UUGCAUUCAGGA,((((((((((((,)))))))))))),-21.4
AGUCUGGAGCCG,CGGUUCUGGAUU,.(((((((((((,))))))))))).,-23.3
GGGUUGGUAGCG,CGUUGCUAACUU,.(((((((((((,))))))))))).,-21.7
AUUCAAUGGGGU,GUUUUGUUGAAU,((((((((((((,)))))))))))),-10.5
GAUUCGGUUAUG,UGUGACCGAGUC,((((((((((((,)))))))))))),-21.4
GGCCAGCUAGUC,GGCUGGCUGGCU,((((((((((((,)))))))))))),-29.2
AGAUCGUAGGCC,GGUUUACGGUCU,((((((((((((,)))))))))))),-23.8
AGCGCGUGGUAA,UUGCCAUGUGUU,.(((((((((((,))))))))))).,-22.2
GCAAUCGGUGUC,GACAUUGAUUGU,((((((((((((,)))))))))))),-22.6
GUUUUGUUAUCG,UGGUAGUAGGGC,((((((((((((,)))))))))))),-13.3
GGUGUUUAAUUG,UAAUUGGACGUC,((((((((((((,)))))))))))),-13.8
CCUGUUGUACUU,GGGUGCAGUGGG,((((((((((((,)))))))))))),-17.1
GAUUUCUCUCUG,UAGAGAGAGGUU,((((((((((((,)))))))))))),-21.1
CUCUGUGGAAGG,UCUUCCAUGGGG,((((((((((((,)))))))))))),-22.4
GUUGGGCCACCA,UGGUGGCUCGGC,((((((((((((,)))))))))))),-27.4
CAUAUUUGCUCG,CGGGCGGGUGUG,((((((((((((,)))))))))))),-21.9
UUGACUAAUGUG,CACAUUAGUUAG,.(((((((((((,))))))))))).,-21.0
GUGUGGGGAGAU,GUUUUCCUGCAU,((((((((((((,)))))))))))),-19.0
GUGAAGGCUUAU,GUAGGCCUUUAC,((((((((((((,)))))))))))),-21.9
GAGAGCGCGCGU,GUGCGUGCUCUU,((((((((((((,)))))))))))),-22.9
GUGGGAGUUAUG,UAUGGUUCCCGC,((((((((((((,)))))))))))),-19.1
GUCGUAAUCGUU,AGUGAUUAUGAU,((((((((((((,)))))))))))),-15.7
AGAGUCGGUCUC,GGGGCCGAUUUU,.(((((((((((,))))))))))).,-23.3
UAACUCGUCGUG,CGCGACGGGUUA,((((((((((((,)))))))))))),-25.0
UAGUGAGUUAUC,GAUAGUUUAUUA,((((((((((((,)))))))))))),-13.9
CUAGUUUACGGA,UUCGUAAAUUAG,((((((((((((,)))))))))))),-18.9
CUGCGUCUGUUG,UGAUGGGCGUGG,((((((((((((,)))))))))))),-18.2
GGUGUUAGUCCA,UGGACUGACGUC,((((((((((((,)))))))))))),-21.2
UCGAGCUGGCUU,AAGUCAGUUUGG,.(((((((((((,))))))))))).,-21.7
AGGCCUUACUUC,GAGGUAAGGUUU,.(((((((((((,))))))))))).,-22.2
UUAUGCGUUCUU,AAGAGUGUGUGA,((((((((((((,)))))))))))),-14.7
AGCUGAUUGGUU,GACUAGUCAGUU,.(((((((((((,))))))))))).,-20.2
GUGAGUCGUUUA,UGGGCGGCUCGC,((((((((((((,)))))))))))),-22.3
AUUGCUUGUGUC,GGCACGAGCGGU,((((((((((((,)))))))))))),-23.4
AUGAAUUGAAGU,GUUUUGAUUUGU,((((((((((((,)))))))))))),-8.7
GUCUGGAUUCGU,ACGAAUUCAGGU,.(((((((((((,))))))))))).,-20.8
UUUGGGUGCUAU,GUGGUACCUAAG,.(((((((((((,))))))))))).,-20.3
ACCCGAUUCGGA,UCUGAAUUGGGU,((((((((((((,)))))))))))),-24.3
AUUUGGGGAGCG,UGUUCUUCGAGU,((((((((((((,)))))))))))),-18.5
UCGGGAUGUUCU,GGGGUAUUUCGG,.(((((((((((,))))))))))).,-14.4
CGACCAGGUCAG,UUGGCUUGGUUG,((((((((((((,)))))))))))),-23.0
GCUACCUUGCCU,GGGUAAGGUAGU,((((((((((((,)))))))))))),-25.1
AUUUUCUUGGUU,AAUUGGGAGAGU,((((((((((((,)))))))))))),-14.1
GUAAUAUGAACU,GGUUCGUGUUAU,((((((((((((,)))))))))))),-18.2
GUGAAUUUGAAC,GUUUAGGUUUAC,((((((((((((,)))))))))))),-17.4
AUCGGAAGUAUU,GGUGCUUUUGGU,((((((((((((,)))))))))))),-16.3
UGAUCCUUAGUC,GACUGAGGGUCA,((((((((((((,)))))))))))),-25.4
GGUAGGGUGUCU,AGGCGUCCUGCC,((((((((((((,)))))))))))),-23.1
GAUAGUAUUCCA,UGGAGUGCUAUU,((((((((((((,)))))))))))),-21.6
CGAUGUGAAGCG,CGUUUUAUAUCG,((((((((((((,)))))))))))),-21.2
AUGUUCCUGUGU,GUACGGGAGCGU,((((((((((((,)))))))))))),-18.8
GAGGGUGGUCGA,UCGGCCAUUUUC,((((((((((((,)))))))))))),-22.6
GGGCAUGGCAGG,UCUGUCAUGUUU,.(((((((((((,))))))))))).,-21.5
AAUCGGGCUCGC,GUGGGUCUGAUU,((((((((((((,)))))))))))),-23.0
CGGGGCGGUAUU,GGUGCUGCCUUG,((((((((((((,)))))))))))),-21.9
AUGUCGGAGUUG,UGGCUCCGACGU,((((((((((((,)))))))))))),-23.1
UUUGCAAGGUGA,UCGCCUUGUAGG,.(((((((((((,))))))))))).,-22.3
GUAGUUAUCUCU,GGAGGUGAUUAC,((((((((((((,)))))))))))),-19.6
AAUGUUUUGCAU,AUGUAAGGUAUU,((((((((((((,)))))))))))),-13.1
UGCAUCGUUGGA,UCCGGCGGUGUG,.(((((((((((,))))))))))).,-23.3
UCCGGAUUAGGG,UUCUGAUUUGGG,.(((((((((((,))))))))))).,-18.8
UGGGUAUUACUG,UGGUAAUGCUCG,.(((((((((((,))))))))))).,-19.2
UUUUGUGUCGAC,GUUGGCACGAAA,.(((((((((((,))))))))))).,-21.4
UCUAAGUCACUU,GGGUGACUUGGA,((((((((((((,)))))))))))),-21.8
GCCUAUGCGUUA,UAGCGUAUGGGC,((((((((((((,)))))))))))),-24.2
GAGGAGGAUGGG,UUCAUUUUCCUC,((((((((((((,)))))))))))),-21.1
GGCAAGUCGGGA,UUCUGAUUUGCU,((((((((((((,)))))))))))),-21.7
GUUUGUGUUUGA,UCGAAUGUAAGU,.(((((((((((,))))))))))).,-11.4
GUGUGACCUAUC,GGUAGGUCGUGU,....((((((((,))))))))....,-19.8
ACUAACACGAGU,AUUUGUGUUAGU,((((((((((((,)))))))))))),-20.4
UGCGCCUACCGA,UUGGUAGGUGCG,.(((((((((((,))))))))))).,-26.7
UACUCUCGGGUU,GGCCUGAGGGUA,((((((((((((,)))))))))))),-23.2
UAUCUUGCAAAG,UUUUGUGGGAUA,((((((((((((,)))))))))))),-16.9
GUUUACGUUCUU,GAGAGCGUAAAU,((((((((((((,)))))))))))),-19.8
CUGUUGACAUGC,GCGUGUCGAUAG,((((((((((((,)))))))))))),-24.2
UUGCUUGCGGGG,CCUUGCAGGCAA,.(((((((((((,))))))))))).,-25.7
GGGGAUGAGGGA,UCCUUUGUUUUC,((((((((((((,)))))))))))),-17.6
UGUGUCUUUUCU,AGGGAAGGUGCA,((((((((((((,)))))))))))),-15.6
UGCGAGUGUGGG,CUUAUACUCGCG,.(((((((((((,))))))))))).,-24.2
GACUUGGGUUGU,AUGGUCUAAGUU,((((((((((((,)))))))))))),-14.1
CUGCAUUCAUCC,GGGUGGAUGUGG,((((((((((((,)))))))))))),-22.7
GGUCUUAGUAGU,ACUAUUGAGGCC,((((((((((((,)))))))))))),-22.5
GGUGAUGCCAUU,AAUGGUAUCAUU,.(((((((((((,))))))))))).,-21.3
CAGGGUUCGGUG,CGCCGAGCUUUG,((((((((((((,)))))))))))),-24.6
CGUGUUUGUUGG,UUAGCAAGCGUG,...(((((((((,)))))))))...,-15.5
AUGUAGAUCGAU,GUCGGUUUGCAU,((((((((((((,)))))))))))),-19.5
GUUGAUCGGUAG,UUACUGAUCGGU,.(((((((((((,))))))))))).,-18.8
UUUUGAAGCUAG,CUGGCUUCGGAA,.(((((((((((,))))))))))).,-21.9
UGUGAGCUUUCU,AGAGAGUUCACG,.(((((((((((,))))))))))).,-23.0
UAAUUGGUACGG,UUGUGUCAGUUG,((((((((((((,)))))))))))),-14.1
GGUAGUCCUGGU,ACCAGGAUUGCU,((((((((((((,)))))))))))),-25.7
AGUUCGCGUUCA,UGGACGUGGGCU,((((((((((((,)))))))))))),-22.5
GAUUAUCGUUCG,CGAGCGGUGGUC,((((((((((((,)))))))))))),-22.7
GCUAGGGUAGAG,UUUUGCCUUGGC,((((((((((((,)))))))))))),-21.8
CGGUGGCUGUUC,GGAUGGUUACUG,((((((((((((,)))))))))))),-19.8
UUGAUAGCUAGU,AUUGGCUGUCAA,.(((((((((((,))))))))))).,-21.2
AUUUGGUUUCCG,CGGGAGUUAAAU,((((((((((((,)))))))))))),-15.9
UUGUCGUUGUAC,GUGUGGUGGCGA,((((((((((((,)))))))))))),-12.5
ACAGAUGCGUGG,UCGCGUGUCUGU,((((((((((((,)))))))))))),-23.0
UUGGGACUGUUG,CGGUAGUCCCAA,.(((((((((((,))))))))))).,-21.7
CUGCUCAGUGUC,GAUACUGAGUGG,((((((((((((,)))))))))))),-24.1
UUGACUUAUUGA,UCAAUGGGUCAG,.(((((((((((,))))))))))).,-20.3
CUUGUGGACUUA,UAGGUUUAUAGG,((((((((((((,)))))))))))),-17.1
GUGUGUUCGAUU,AGUUGGGCAUAU,((((((((((((,)))))))))))),-17.8
UUCUCAUCUGUG,UAUGGAUGGGAG,.(((((((((((,))))))))))).,-19.6
UGUGCCGAGACU,GGUUUUGGCAUG,.(((((((((((,))))))))))).,-21.7
UGUAGAUGUGCG,CGCGCAUUUGUA,..((((((((((,))))))))))..,-20.1
GGGGUUUCUCGU,ACGGGAGACUUU,.(((((((((((,))))))))))).,-20.7
ACCUACUUCUAC,GUGGAGGUGGGU,((((((((((((,)))))))))))),-24.8
GGUGUAUUACGU,GCGUGAUGCAUU,.(((((((((((,))))))))))).,-20.0
GGUACUUUUGGC,GUCAGGGGUACC,((((((((((((,)))))))))))),-22.9
GCGGUUCGCGUU,AACGUGAGUCGC,((((((((((((,)))))))))))),-21.6
GAUGUAUGCAUG,CAUGUGUGUAUU,((((((((((((,)))))))))))),-15.7
GCGGUUUCGACG,UGUUGAAAUUGC,((((((((((((,)))))))))))),-20.5
GAUUUUGGCUAG,UUGGCCGGAAUU,((((((((((((,)))))))))))),-19.7
GCUUGGUCAUGG,CUAUGGCUAGGC,((((((((((((,)))))))))))),-23.7
GGAUUUAUCCGU,GCGGAUGAGUCC,((((((((((((,)))))))))))),-24.0
GGCGGGGCUCUA,UGGAGUUUCGCU,((((((((((((,)))))))))))),-23.0
UUCGGUGGUAUC,GAUGUCAUCGGA,((((((((((((,)))))))))))),-18.5
UUUGGCAAGUGA,UCAUUUGCCGAA,.(((((((((((,))))))))))).,-22.4
GAGACAUCCUCA,UGGGGAUGUUUU,((((((((((((,)))))))))))),-22.5
GGGACUGUUGUG,UACGGCAGUUUU,.(((((((((((,))))))))))).,-19.3
UAACUUUCGAGG,CCUUGGAAGUUG,((((((((((((,)))))))))))),-21.7
GUGUGGAUUGCA,UGCGAUCCGUAU,((((((((((((,)))))))))))),-20.0
GUGGAAGGGAUG,CAUCUUUUCCAU,((((((((((((,)))))))))))),-22.6
UGAACGUGUGAA,UUUGCAUGUUUG,.(((((((((((,))))))))))).,-17.0
GUUGACGUGGGU,GCCCGUGUUGAU,((((((((((((,)))))))))))),-18.3
GAUUUUGGUCUC,GGGGCUGGGAUC,((((((((((((,)))))))))))),-19.3
UGUGAGACUUGU,GUAGGUCUCGUA,...(((((((((,)))))))))...,-15.3
UUAGAUGAGAGU,AUUCUCGUCUGG,.(((((((((((,))))))))))).,-20.9
GCCUUAUGUUUC,GAGACAUGGGGC,((((((((((((,)))))))))))),-24.1
UAGAUCAACAGA,UCUGUUGAUUUG,((((((((((((,)))))))))))),-20.7
AGACGGGCCUGU,GCAGGCUUGUCU,((((((((((((,)))))))))))),-25.9
ACACUUCCUGCG,UGCAGGAGGUGU,((((((((((((,)))))))))))),-26.7
UUGUGUGUGGAA,UUCCAUACGUAG,.(((((((((((,))))))))))).,-17.9
GGGGAGAGGUUU,GGAUCUUUCUUC,((((((((((((,)))))))))))),-17.5
CUACCUUGCUGU,GUAGUGGGGUAG,((((((((((((,)))))))))))),-17.8
UUUGAAGACUCC,GGGGUCUUUGGA,((((((((((((,)))))))))))),-20.9
GCGAUUGGUGCG,UGUACUGGUCGU,((((((((((((,)))))))))))),-20.9
GGAGAAUGGCCG,CGGUUGUUCUCU,((((((((((((,)))))))))))),-23.4
UACAUGAACUCU,AGAGUUCGUGUG,((((((((((((,)))))))))))),-22.9
CGGGCAUUUACU,GGUGGAUGCUCG,((((((((((((,)))))))))))),-22.0
GAGGGUGUAGCC,GGCUACGUUUUC,((((((((((((,)))))))))))),-20.5
GUGCGGUAUGUC,GACGUGCUGUAC,((((((((((((,)))))))))))),-24.2
UUUUCCGACCGA,UCGGUUGGGAGG,.(((((((((((,))))))))))).,-23.2
UUGAUUCGAGCA,UGUUUGAAUUAG,.(((((((((((,))))))))))).,-18.1
CGCGGCUGAAGG,UCUUUAGCUGCG,((((((((((((,)))))))))))),-24.9
CUGGAUAUAGCA,UGUUAUAUUCGG,((((((((((((,)))))))))))),-19.3
GGAGCUAGAUGA,UUAUUUGGUUCC,((((((((((((,)))))))))))),-20.2
GAUGCGAGGGUG,CAUCUUCGUGUC,((((((((((((,)))))))))))),-22.7
CGAAAGUCAGCA,UGCUGGCUUUUG,((((((((((((,)))))))))))),-23.3
GUGAUGUGAUUU,GAAUUACAUUGC,((((((((((((,)))))))))))),-16.8
GGUUAAUGUUGC,GUAGCAUUGGUC,((((((((((((,)))))))))))),-16.5
CUCUGGACCUUG,UAGGGUCUGGAG,((((((((((((,)))))))))))),-23.3
GGGAUGAGCUGU,AUAGUUCAUUUU,.(((((((((((,))))))))))).,-18.4
CGGAGGGGUAUG,CAUGUUUCUCUG,((((((((((((,)))))))))))),-17.6
CUGGUCAGCGGG,CCUGUUGACUAG,((((((((((((,)))))))))))),-26.0
GGAUCUUCGUUU,GGGUGAGGGUCC,((((((((((((,)))))))))))),-17.1
GGAGGUUAAUUC,GAAUUGACUUUU,.(((((((((((,))))))))))).,-18.1
GAUUGGUGACUG,CAGUCGUCGAUC,((((((((((((,)))))))))))),-20.8
AUCAGGGUCAGC,GUUGAUCCUGAU,((((((((((((,)))))))))))),-25.1
CUUUCUUUGGUA,UGCUGGAGAAAG,((((((((((((,)))))))))))),-18.5
AGAUCUGUUUUG,CGGAGUGGGUCU,((((((((((((,)))))))))))),-15.4
CACCUUGUUCUC,GAGGAUGAGGUG,((((((((((((,)))))))))))),-23.5
UACGGUACCGUU,AGCGGUGCCGUG,((((((((((((,)))))))))))),-26.1
UAGGUCCUUGUC,GGUGGGGACUUA,((((((((((((,)))))))))))),-18.0
UGCUUCUGGUUA,UAACUGGGAGUA,((((((((((((,)))))))))))),-19.2
GUCGUAGUGAGU,GCUCAUUGUGAC,((((((((((((,)))))))))))),-19.1
GUACGUUGGAUG,UGUCCAAUGUAU,((((((((((((,)))))))))))),-20.3
CGGUUGGGUAUC,GGUACUUGACUG,((((((((((((,)))))))))))),-19.8
UAGCGUCGUUGG,CUGGUGACGUUG,((((((((((((,)))))))))))),-17.2
GCGCGUGUUCAG,UUGAGCACGUGC,((((((((((((,)))))))))))),-25.5
ACGGGAACCGGC,GCUGGUUUCUGU,((((((((((((,)))))))))))),-25.4
GAGCGACGGAUU,AGUCUGUUGCUU,((((((((((((,)))))))))))),-22.3
UUUAAAUCGUAG,UUACGAUUUAGG,.(((((((((((,))))))))))).,-17.5
CGGCCAUUGUGC,GCACGGUGGUUG,((((((((((((,)))))))))))),-24.9
GGGGUAGACAGA,UUUGUUUAUCCU,((((((((((((,)))))))))))),-20.2
CUUCGAGCCUCU,GGAGGUUUGAGG,((((((((((((,)))))))))))),-23.1
AGGUAAGUGGGA,UUUCGCUUGCUU,.(((((((((((,))))))))))).,-19.0
CUUCGUAAACAU,GUGUUUAUGGAG,((((((((((((,)))))))))))),-18.8
CGUCAUUAUGAG,CUUGUAAUGAUG,((((((((((((,)))))))))))),-19.3
UGGCCCUUCGGG,UCUGGAGGGUUG,.(((((((((((,))))))))))).,-23.1
CUGUAGUUUGUG,UACGAGCUGCAG,((((((((((((,)))))))))))),-22.1
CAUUGGAGUUGU,GCGAUUUCGGUG,((((((((((((,)))))))))))),-17.7
AUCCUUGGGGUC,GAUUUCAGGGAU,((((((((((((,)))))))))))),-21.5
GUAUUAAGUGCG,UGCACUUGAUGU,.(((((((((((,))))))))))).,-19.9
UGCCGCGAGCGU,ACGCUUGUGGUG,.(((((((((((,))))))))))).,-26.0
AUGCGUGCUCGU,ACGGGCAUGUGU,((((((((((((,)))))))))))),-22.8
UCACGUCACUGU,AUAGUGAUGUGG,.(((((((((((,))))))))))).,-23.0
UUCAUCGGAUCU,AGGUCUGGUGAA,.(((((((((((,))))))))))).,-22.0
GUCUUGACUGAG,CUUGGUCGAGGC,((((((((((((,)))))))))))),-22.8
GCGUUUUGGCCG,UGGUCGGGGUGU,((((((((((((,)))))))))))),-17.0
AGCACGAGUCUC,GGGAUUUGUGUU,.(((((((((((,))))))))))).,-21.8
UGUUCUGGAUCA,UGAUCUAGAGUG,..((((((((((,))))))))))..,-19.3
GCAGUUGAGCGU,GUGCUUAAUUGU,((((((((((((,)))))))))))),-17.2
UCGCCGUAGUUG,CAACUAUGGUGG,.(((((((((((,))))))))))).,-24.3
GUGUUCGUCCUG,CAGGACGGACGU,..((((((((((,))))))))))..,-25.2
UAUGUUCUUCUU,AGGAGGGAUAUA,((((((((((((,)))))))))))),-18.1
GGUUAACUGCCU,AGGUAGUUAGCU,((((((((((((,)))))))))))),-23.3
GCUUCGUACUGC,GUAGUGUGAAGC,((((((((((((,)))))))))))),-21.8
GGUGGGGAGCAU,AUGUUCCUUGUU,...(((((((((,)))))))))...,-18.1
GGUUUCUAUUGU,GCGGUAGAAGCC,((((((((((((,)))))))))))),-21.2
UCCGGUCUGUUU,GAACAGACUGGA,((((((((((((,)))))))))))),-24.2
GAGGUCUUUGGC,GUCAGAGGCUUU,((((((((((((,)))))))))))),-21.7
GGCGUUUAUGGU,AUCAUAGGUGUC,((((((((((((,)))))))))))),-15.8
GGCUGGGGUCGG,CCGGCCUUGGUC,((((((((((((,)))))))))))),-25.6
AUCCUUCGGACA,UGUCUGAAGGGU,((((((((((((,)))))))))))),-24.3
CUGACCGCACGA,UUGUGUGGUUGG,((((((((((((,)))))))))))),-22.5
UAUGUGGGUGGG,UUCGCCCGCGUA,((((((((((((,)))))))))))),-23.3
UCGGUGAAGGGG,CCCUUUUAUCGA,((((((((((((,)))))))))))),-23.9
GCUGGUAUAGUC,GGCUGUGCUGGC,((((((((((((,)))))))))))),-23.4
UUAGUGAAUCGC,GUGGUUCGUUGG,.(((((((((((,))))))))))).,-16.4
AUGACGUUGGAU,AUCUGAUGUCGU,((((((((((((,)))))))))))),-19.5
CGUAUAAGCUUU,AGAGCUUGUAUG,((((((((((((,)))))))))))),-20.1
UUGUGGUUUUCC,GGAAGAUUACAA,.(((((((((((,))))))))))).,-20.3
GUUCGCCUAGUA,UAUUGGGUGAAC,((((((((((((,)))))))))))),-22.1
AGUAUGUGGGUC,GGUCUACAUAUU,.(((((((((((,))))))))))).,-17.2
GUCGCUCAGGAU,AUCUUGAGUGGU,.(((((((((((,))))))))))).,-21.5
CGGGCGAUGUUG,UGAUAUCGCUUG,((((((((((((,)))))))))))),-20.0
AUGCGAUGGUUU,GGACCGUCGUAU,((((((((((((,)))))))))))),-21.3
CGUAGGUAAAAC,GUUUUGCUUGUG,..((((((((((,))))))))))..,-16.3
UGUGACUUGGUC,GAUCAAGUCGCA,((((((((((((,)))))))))))),-24.6
UCAGUCAGCGCU,AGUGCUGAUUGG,.(((((((((((,))))))))))).,-24.8
UUACGGUUUCUG,UGGAAGCCGUAG,.(((((((((((,))))))))))).,-21.2
AUAAGUGUCUUG,UGAGGCGCUUGU,((((((((((((,)))))))))))),-19.2
UUAUGAGGGCUC,GGGUCUUUAUGG,.(((((((((((,))))))))))).,-19.3
GUAACGGUAGUA,UGCUGUUGUUAU,((((((((((((,)))))))))))),-15.5
GAGUAUAAUUUA,UAGGUUGUACUC,((((((((((((,)))))))))))),-18.1
AGUGCUUGUAAA,UUUGCAGGUACU,((((((((((((,)))))))))))),-20.4
CGGCUUACUGUA,UGCAGUAGGCUG,((((((((((((,)))))))))))),-23.8
UGGAAACUUGAU,GUUAAGUUUCUG,.(((((((((((,))))))))))).,-17.8
GUCGUGUCGGGA,UCUUGGCACGGC,((((((((((((,)))))))))))),-24.1
AUAUUCUUCUUC,GAGGGAGAAUGU,((((((((((((,)))))))))))),-20.4
GUGUGAGUCCCG,UGGGGCUCACAC,((((((((((((,)))))))))))),-28.4
CGAUGAUUGUGU,AUACAAUCAUUG,((((((((((((,)))))))))))),-20.2
GUACUUUACUAU,GUGGUAGAGUGC,((((((((((((,)))))))))))),-20.0
CCCAAGUUGUGU,AUACAAUUUGGG,((((((((((((,)))))))))))),-22.4
CGUUUCUAGUAC,GUGUUAGAGGUG,..((((((((((,))))))))))..,-13.6
ACCGUUUCGGGA,UUCCGGAGCGGU,((((((((((((,)))))))))))),-24.8
GCUCUAGCUCGG,UCGAGUUAGGGU,((((((((((((,)))))))))))),-23.8
UGAGGAGGUCCA,UGGAUUUCCUCG,.(((((((((((,))))))))))).,-25.0
CAGGAGUGGACC,GGUCCGCUUUUG,((((((((((((,)))))))))))),-25.8
CGAUGGGUCGCU,AGUGAUCUGUCG,((((((((((((,)))))))))))),-22.5
UCUUAUUACUUG,CGGGUGAUAAGA,((((((((((((,)))))))))))),-20.0
GUCCAGUCAUGC,GUGUGAUUGGAC,((((((((((((,)))))))))))),-24.2
UUAGGGAGUCCU,AGGGCUUUCUGG,.(((((((((((,))))))))))).,-21.6
GGCUCUGAGAUU,AAUCUUGGGGUC,((((((((((((,)))))))))))),-20.4
UCCGGGUUUAGA,UCUGAGCUCGGA,((((((((((((,)))))))))))),-24.1
AUCUGGCGUGGA,UCUGUGUUAGAU,((((((((((((,)))))))))))),-16.4
GGUUGAUUUGUA,UGCGAAUCGGCU,((((((((((((,)))))))))))),-19.6
GUUAUAUCUAUA,UGUGGGUAUAGU,.(((((((((((,))))))))))).,-15.8
GAAUGCGUUACU,AGUAGCGUAUUU,((((((((((((,)))))))))))),-20.6
AAGAUUUUGUUU,GAGCGAAGUUUU,((((((((((((,)))))))))))),-14.6
AAAGUCAGAUUC,GGAUCUGGCUUU,((((((((((((,)))))))))))),-22.0
CCGUUGUGCACA,UGUGUGCGGUGG,((((((((((((,)))))))))))),-19.4
AUGGGUUCAAGG,UUUUGGAUCCAU,((((((((((((,)))))))))))),-19.1
ACGGUUUCGCUU,AGGCGGAAUUGU,((((((((((((,)))))))))))),-20.4
AGCAUAACGCAG,UUGCGUUAUGUU,.(((((((((((,))))))))))).,-22.1
GAAUGGUCUGAC,GUCGGACCGUUU,((((((((((((,)))))))))))),-24.6
GUGUAAGGUUGG,CUGGUCUUAUGC,((((((((((((,)))))))))))),-14.6
CGCGGUAAGGCA,UGUUUUACCGUG,((((((((((((,)))))))))))),-22.7
UUAUGAUUAUUG,CGGUAAUUGUGG,.(((((((((((,))))))))))).,-14.7
CUUGGGGUAAUC,GGUUAUCCUAGG,((((((((((((,)))))))))))),-21.2
GUGCUCCCGGCG,UGCUGGGAGUAU,((((((((((((,)))))))))))),-27.1
UGCCGUCGGGCG,CGUUUGAUGGCG,.(((((((((((,))))))))))).,-24.9
UUAUCGGUCGAA,UUUGGUUGAUAG,.(((((((((((,))))))))))).,-14.0
UUGUGUGUGUGU,AUAUGCACGCAA,.(((((((((((,))))))))))).,-20.0
AGUUCUGAUGGA,UCUAUUGGAACU,((((((((((((,)))))))))))),-19.8
GGUGUAGUCUAA,UUAGACUGUAUC,((((((((((((,)))))))))))),-17.6
CGGUUUGGGAUU,GAUCCCAAGUUG,((((((((((((,)))))))))))),-17.9
UUUAUAGGUCCA,UGGGCUUGUAGA,((((((((((((,)))))))))))),-20.2
GUUCCGGACUCG,UGGGUUCGGGGU,.(((((((((((,))))))))))).,-21.1
GGGGUAUAUUUU,AAGGUGUAUCCC,((((((((((((,)))))))))))),-19.8
GUCUUGUGAAGU,GUUUUACAAGAU,((((((((((((,)))))))))))),-15.4
UCCUGCAAUAGA,UUUGUUGUAGGG,.(((((((((((,))))))))))).,-20.7
UUCCUUCUCUUC,GAGGGGAAGGGA,((((((((((((,)))))))))))),-23.8
GUAGAUAUGCUU,GGGUAUAUUUAC,((((((((((((,)))))))))))),-17.3
UUUUCUCACGAA,UUUGUGAGGGGA,((((((((((((,)))))))))))),-18.7
CGAGUGGUGAUU,AAUUGUCGCUUG,((((((((((((,)))))))))))),-15.1
UGUCACGUUCUC,GGGAAUGUGGCA,((((((((((((,)))))))))))),-23.7
GAGCCGUUAGCU,GGUUAGCGGUUU,((((((((((((,)))))))))))),-21.5
ACUCGUCCUUGC,GUAGGGGCGGGU,((((((((((((,)))))))))))),-25.3
UUUUGGAAUCUG,CGGGUUCCAGAA,.(((((((((((,))))))))))).,-21.7
GCAUGACCCGUU,GAUGGGUUAUGU,((((((((((((,)))))))))))),-22.7
GUAAGUGAUUAC,GUGGUUACUUGC,((((((((((((,)))))))))))),-20.2
GGACGAACUUAU,GUAAGUUCGUUC,((((((((((((,)))))))))))),-20.9
GCGUAUUCGCAU,GUGCGGAUGUGC,((((((((((((,)))))))))))),-20.0
CGUCCGUUUGUG,UAUAAACGGGCG,((((((((((((,)))))))))))),-22.8
CUCUUAUGGGUU,GGUCUAUAGGAG,((((((((((((,)))))))))))),-15.7
GGUCUUGAUGAG,CUCAUCGGGAUU,.(((((((((((,))))))))))).,-22.3
GUAAUGAGGGUG,UAUUCUCAUUAU,((((((((((((,)))))))))))),-18.5
AUGCUGGCGAAC,GUUCGCUGGUAU,((((((((((((,)))))))))))),-23.4
UGUUGGCGUGGA,UUCACGCUAACG,.(((((((((((,))))))))))).,-23.6
UGUGGUUUUAUG,UGUAAAAUUGCG,.(((((((((((,))))))))))).,-14.0
AUGAGAUAAGGA,UCUUUGUUUUAU,((((((((((((,)))))))))))),-16.2
GAUUUUAUGUGG,CCGCGUGGAGUC,((((((((((((,)))))))))))),-21.4
CAGAAUCUCGGG,CUUGAGGUUCUG,((((((((((((,)))))))))))),-23.1
UAGUGAUGCACU,GGUGUGUUAUUA,((((((((((((,)))))))))))),-17.4
CAUAGUGUUUGG,CCAAAUGCUAUG,((((((((((((,)))))))))))),-21.6
AUUAUCAGAUGG,UUGUCUGGUAAU,((((((((((((,)))))))))))),-17.2
UGGGUGGGUGCU,AGCACCUGUCCA,((((((((((((,)))))))))))),-23.2
GGCGCUUGUGCU,AGUGCGAGCGUC,((((((((((((,)))))))))))),-24.6
UGUAUAGCGCUG,UAGUGCUGUAUG,.(((((((((((,))))))))))).,-21.2
AAGAGUGCUUGG,UCGGGCACUCUU,((((((((((((,)))))))))))),-23.5
ACAAUGUUGGGG,UCCUAGUGUUGU,((((((((((((,)))))))))))),-16.3
GUUUUCUGGUGU,GCGCCGGGAGAU,((((((((((((,)))))))))))),-21.1
CUAUUGGUGACU,GGUCAUUAGUAG,((((((((((((,)))))))))))),-19.4
UAGGUCUAACCA,UGGUUAGGUCUG,((((((((((((,)))))))))))),-19.2
CUCCUCGGUGGG,CUCGCCGGGGAG,((((((((((((,)))))))))))),-28.8
GAACGCCAUUUA,UAGGUGGUGUUU,((((((((((((,)))))))))))),-20.0
UCUGUCCGGUCA,UGAUCGGAUAGG,.(((((((((((,))))))))))).,-24.5
GGGAGAGAGUGU,GCACUUUCUUCU,((((((((((((,)))))))))))),-22.0
AGGGUGGUUUGA,UCAGACUGCCCU,((((((((((((,)))))))))))),-24.1
AUUCUGCAUCUA,UAGGUGUAGGAU,((((((((((((,)))))))))))),-20.4
CUUAUUGAGGUC,GAUCUCGAUGAG,((((((((((((,)))))))))))),-22.1
GCGGCGUUGUAC,GUACGACGUUGC,((((((((((((,)))))))))))),-24.9
GUAUAUCCGGAC,GUUCGGGUGUAU,((((((((((((,)))))))))))),-22.3
UCUUUAGAGCAG,UUGUUCUAGAGG,.(((((((((((,))))))))))).,-20.4
GUCUUUCAUUCC,GGAGUGGAGGAU,((((((((((((,)))))))))))),-22.7
UUGGAGAUGGAC,GUUCAUCUCUAG,.(((((((((((,))))))))))).,-22.8
GGGUGGAGGUGG,CCAUCUUUGCCC,((((((((((((,)))))))))))),-25.2
GUCGCGCACUUG,CAAGUGCGUGGU,.(((((((((((,))))))))))).,-24.9
UCCUUCACCGUG,UGUGGUGAAGGG,.(((((((((((,))))))))))).,-20.9
UUGGCGGGAGUU,AAUUCUUGCUAA,.(((((((((((,))))))))))).,-19.5
UGGUGUACUUCG,CGGAGUGCAUUA,((((((((((((,)))))))))))),-21.7
CCUCAGCUGAGA,UCUUGGCUGAGG,((((((((((((,)))))))))))),-26.0
CUGGGUAUGCGA,UCGCGUAUUUGG,((((((((((((,)))))))))))),-19.5
CCUUGAUGCGGA,UCUGUAUCAAGG,((((((((((((,)))))))))))),-24.3
AAUGCUACCAGU,GUUGGUAGUGUU,((((((((((((,)))))))))))),-16.6
GUAGCUUAACCU,AGGUUAAGCUGU,.(((((((((((,))))))))))).,-22.6
GGUGUGCGAGCG,CGUUUGUGUAUC,((((((((((((,)))))))))))),-17.2
GUUUGAAUUGUC,GACGGUUCAGAC,((((((((((((,)))))))))))),-21.5
CGGACUUGGAAU,GUUUCGAGUUUG,((((((((((((,)))))))))))),-17.6
GGACGUUUGGGA,UCCCAAGUGUUU,.(((((((((((,))))))))))).,-19.4
AUGAGGUGUAAC,GUUGUACUUUAU,((((((((((((,)))))))))))),-15.7
UGUAAGUGCAGG,CCUGUAUUUAUA,((((((((((((,)))))))))))),-21.3
GUUGGUUUGCAU,GUGCAGGCUAAC,((((((((((((,)))))))))))),-21.1
CGUACAGCUGGC,GUUGGUUGUGUG,..((((((((((,))))))))))..,-17.4
CUUCGGUGCAUC,GGUGUAUUGGGG,((((((((((((,)))))))))))),-20.0
UGAGGUGCUUAU,AUGAGUAUCUCA,((((((((((((,)))))))))))),-21.2
GACCUGUGGAGU,AUUUCGUAGGUC,((((((((((((,)))))))))))),-19.1
GAGUUGCGGUCA,UGGUUGCAACUU,((((((((((((,)))))))))))),-18.7
UGAGCGUUUCAC,GUGGAGCGCUCA,((((((((((((,)))))))))))),-26.2
GCUGGGUCUAUU,AAUGGGUCCAGC,((((((((((((,)))))))))))),-20.9
GGGUAGGUUGUU,AGCAAUCUAUUU,.(((((((((((,))))))))))).,-17.7
CUUUUGUAUGAG,UUUAUGCAGGAG,((((((((((((,)))))))))))),-17.4
UAGUAAUAUUGA,UCGAUAUUGUUA,...(((((((((,)))))))))...,-13.6
GGGGUAAUUCUC,GAGAGUUACUCC,((((((((((((,)))))))))))),-24.3
UGGCUUGCUACG,CGUGGUGAGCCA,((((((((((((,)))))))))))),-25.8
GGAGAGGUCGUG,CAUGAUCUUUCU,((((((((((((,)))))))))))),-22.4
UGUAGAUCAGUU,AGCUGGUUUGUG,..((((((((((,))))))))))..,-16.4
AGCAUUAGAAUU,GAUUUUAGUGUU,.(((((((((((,))))))))))).,-15.6
UCUAUUGAAAAU,GUUUUCAGUGGA,((((((((((((,)))))))))))),-17.9
UAUGAUUGGGAG,CUUCCGAUUGUA,((((((((((((,)))))))))))),-19.4
GACUUACUACCA,UGGUGGUGAGUU,((((((((((((,)))))))))))),-23.3
GGAGGAGGUUAG,UUAGUUUUCUUC,((((((((((((,)))))))))))),-13.3
GAGGAUAGCAAA,UUUGCUGUCUUU,((((((((((((,)))))))))))),-20.7
AUAUUUGAUAUG,UGUAUCAAGUAU,((((((((((((,)))))))))))),-16.1
UGGUAUCGGCGA,UUGUUGGUACCA,((((((((((((,)))))))))))),-21.4
AGUUAUAGUAGG,CCUAUUAUGGUU,..((((((((((,))))))))))..,-16.9
CGUGUGUUGUAA,UUGCAGCGUACG,((((((((((((,)))))))))))),-18.3
CAAGUAAGUGGU,GUUGUUUAUUUG,((((((((((((,)))))))))))),-7.7
UCAUCUGUGUUA,UGAUACGGGUGA,((((((((((((,)))))))))))),-20.3
CGGCUCAGGUGU,AUACCUGGGUUG,((((((((((((,)))))))))))),-23.3
GUGCUUGAUGGA,UCUAUCAGGUAC,((((((((((((,)))))))))))),-22.5
UGGCAUUUGGGU,ACUCAGGUGCUA,((((((((((((,)))))))))))),-21.7
UUAUUGAAGACA,UGUUUUCGAUAA,.(((((((((((,))))))))))).,-18.1
GAUUUAUGAUGU,ACAUCAUAGGUU,((((((((((((,)))))))))))),-18.8
UUUGCUUCUACG,CGUGGGAGCAGA,((((((((((((,)))))))))))),-23.7
UUGUUGGUAGAG,CUUUGUCAGCAA,.(((((((((((,))))))))))).,-17.2
AUUACAUCAAGC,GUUUGGUGUGAU,((((((((((((,)))))))))))),-20.3
UUUCGGUCUAGU,ACUGGGUUGAAG,.(((((((((((,))))))))))).,-16.5
GGUGCAAGGUUU,AAGUUUUGCAUU,.(((((((((((,))))))))))).,-14.6
UUGCAAAGCAAG,UUUGUUUUGCAG,.(((((((((((,))))))))))).,-19.9
UGUGUUAUCGGC,GUCGAUGAUACG,.(((((((((((,))))))))))).,-22.4
GUGAAGGGGAAG,CUUUCCUUUCAC,((((((((((((,)))))))))))),-23.6
GCGGUUGUCUCA,UGGGAUAGUUGC,((((((((((((,)))))))))))),-18.1
GAUGGCGCUUUA,UGGGGCGUCAUU,((((((((((((,)))))))))))),-20.9
GUGAGGUGGGUU,GGUCUAUCUCGU,..((((((((((,))))))))))..,-15.0
GUUCGGAGGGAG,UUCCUUCCGGAC,((((((((((((,)))))))))))),-25.4
CACAUGCUUCGG,UUGAGGUGUGUG,((((((((((((,)))))))))))),-20.3
AGUGUGACUGCC,GGUAGUCACAUU,.(((((((((((,))))))))))).,-25.6
UCAAGGCCGUGA,UUAUGGUUUUGA,((((((((((((,)))))))))))),-19.9
GGGAUGACGUGG,CCACGUUAUCUU,.(((((((((((,))))))))))).,-24.5
GUGAAGUCCUUU,AGGGGACUUCGC,((((((((((((,)))))))))))),-23.6
AUCUAGCUCGUU,AGCGGGCUAGGU,((((((((((((,)))))))))))),-23.6
CGGACUCCUGUC,GGCAGGAGUUCG,((((((((((((,)))))))))))),-27.5
CUAUCAGAUGGG,CCUAUCUGAUGG,((((((((((((,)))))))))))),-24.9
UAUUUCAUUGUU,GGUAAUGGAAUG,((((((((((((,)))))))))))),-11.9
GGGUGAUGGAGA,UUUUCAUCGCUU,.(((((((((((,))))))))))).,-19.5
AGAAUUCUCGUU,AGUGAGAGUUUU,.(((((((((((,))))))))))).,-15.2
UGUGUUUCACGG,CUGUGAGAUGUA,...(((((((((,)))))))))...,-18.0
GAUGUUAGGGGC,GUCCCUAGCGUC,((((((((((((,)))))))))))),-26.4
AUCUUAUCCUAU,GUAGGAUGGGGU,((((((((((((,)))))))))))),-19.9
UGUCCGCGGUUU,AAAUUGUGGACA,((((((((((((,)))))))))))),-21.7
GGUGCCUUGCUG,CAGCGGGGCGUU,...(((((((((,)))))))))...,-24.0
UUCAUAUGACUA,UGGUCGUAUGAG,.(((((((((((,))))))))))).,-20.9
UCUGUACCUUGU,ACGGGGUAUAGG,.(((((((((((,))))))))))).,-22.2
UCUUUUCGGGGA,UUCCUGGAGAGG,.(((((((((((,))))))))))).,-20.9
GGUGGCUUCCCA,UGGGAAGUUGUU,...(((((((((,)))))))))...,-20.4
UGGGACAUUAGG,UUUAAUGUCUUA,((((((((((((,)))))))))))),-17.5
AGAGCAGCUAGU,ACUGGUUGUUCU,((((((((((((,)))))))))))),-22.9
UUGAGGGAAGGU,ACUUUCUCUCAG,.(((((((((((,))))))))))).,-22.1
UUUUAGUGUGAA,UUCAUGUUGAAA,.(((((((((((,))))))))))).,-12.5
UUGGGUGCAGAU,GUCUGUAUUUGA,((((((((((((,)))))))))))),-16.7
UGGGAUUAAGAG,CUCUUAGUCUUG,.(((((((((((,))))))))))).,-20.3
UUUGUGUGGUUC,GAGUUGCACAAA,.(((((((((((,))))))))))).,-16.3
CCGAUCAAGGUU,GGCUUUGGUCGG,((((((((((((,)))))))))))),-22.0
UCGUGGUUUUAG,UUGGGACCACGG,.(((((((((((,))))))))))).,-20.9
UGUUCCCUUACU,GGUGAGGGGACG,.(((((((((((,))))))))))).,-24.1
GGGUGGGUUGCU,GGUGACUUACCC,((((((((((((,)))))))))))),-22.5
GUAUUAGUUCGG,CCGGGCUAAUAU,((((((((((((,)))))))))))),-22.0
UGACUGAGCGUG,UGCGUUCGGUCA,((((((((((((,)))))))))))),-23.1
GGUGUUUUCGAU,AUUGGAGAUAUC,((((((((((((,)))))))))))),-17.0
UUAUUGUAAUGA,UCGUUAUAAUAG,.(((((((((((,))))))))))).,-16.6
GAACUUAAUAUC,GGUGUUGAGUUC,((((((((((((,)))))))))))),-20.2
CGCGGGAGUCCG,CGGGUUCUUGUG,((((((((((((,)))))))))))),-21.0
CUUAUGUGUCUC,GAGAUAUGUAGG,((((((((((((,)))))))))))),-19.9
UUCUAGCGGUUU,AGACUGCUGGAA,.(((((((((((,))))))))))).,-22.3
AAAUUGCGUUAU,GUGGUGCGGUUU,((((((((((((,)))))))))))),-13.3
GUUUGUUUUGCU,AGCAAAGUGAGC,((((((((((((,)))))))))))),-16.0
UGGCUAUUCAUG,UAUGAAUAGUCA,((((((((((((,)))))))))))),-20.9
UGGCUAUCGUCU,AGGCGAUGGUUA,((((((((((((,)))))))))))),-21.8
AGAGGGAAGUAA,UUACUUUCUUCU,((((((((((((,)))))))))))),-19.9
GUUUGCACCUAC,GUGGGUGUAAGU,.(((((((((((,))))))))))).,-22.1
UUUGAUCGGUGC,GUGCCGGUCAAG,.(((((((((((,))))))))))).,-23.3
CCAGCUUCGUCG,UGACGGGGCUGG,((((((((((((,)))))))))))),-26.7
UGUGAUGCGUGG,CCAUGUAUCGCA,((((((((((((,)))))))))))),-24.9
GCCUCUGUUCUU,AGGGGCGGAGGC,((((((((((((,)))))))))))),-25.1
ACUAUUUCCAGG,UCUGGGAGUAGU,((((((((((((,)))))))))))),-22.2
UUCCGUGGGCUU,GGGUCCGUGGAG,.(((((((((((,))))))))))).,-19.9
CCUAGAAUUUCA,UGAGGUUCUAGG,((((((((((((,)))))))))))),-22.1
AGAAACGGGUGA,UUACUCGUUUCU,((((((((((((,)))))))))))),-21.5
GUUUCGUAUACG,UGUAUAUGGGAC,((((((((((((,)))))))))))),-18.9
UUGCCGUCAGCC,GGUUGAUGGUAA,.(((((((((((,))))))))))).,-25.1
AGCGAUUCUGCG,CGCGGAAUUGUU,.(((((((((((,))))))))))).,-23.3
CGUGAGGGUACA,UGUAUCCUUGCG,((((((((((((,)))))))))))),-22.8
CGCGUGGAGAUA,UGUCUCUGCGUG,((((((((((((,)))))))))))),-22.9
UCUCGAUCCGCG,UGUGGGUUGGGG,.(((((((((((,))))))))))).,-22.6
UGAGCCGCAUAC,GUGUGUGGCUUG,.(((((((((((,))))))))))).,-25.1
GUCUUCAUCGGA,UCUGGUGAGGAC,((((((((((((,)))))))))))),-23.6
CGCUUUUGUGCA,UGUAUAAAGGUG,((((((((((((,)))))))))))),-19.4
CUUUGAGGUUUA,UGAAUUUCGGAG,((((((((((((,)))))))))))),-16.4
GGCGCGGGGAGC,GUUCUUUGCGUU,.(((((((((((,))))))))))).,-22.6
UGUCAAGUAGGC,GCUUAUUUGGUA,..((((((((((,))))))))))..,-18.1
AGGGUGAGUCAC,GUGACUCAUUCU,((((((((((((,)))))))))))),-24.6
UUAGCUCAUCGU,GUGAUGGGCUGA,((((((((((((,)))))))))))),-18.9
CGUGACGUAAUA,UAUUGUGUUACG,((((((((((((,)))))))))))),-16.5
UAAAAUAGGGUG,UGUUCUGUUUUA,((((((((((((,)))))))))))),-11.7
UGUUUGCGAUGC,GUAUUGUGAAUA,((((((((((((,)))))))))))),-17.7
UAAUAAUUAAGG,UCUUGAUUAUUA,((((((((((((,)))))))))))),-16.2
GACCUCGGUUAU,AUAACCGGGGUU,((((((((((((,)))))))))))),-24.3
GGAGUCCGCCGU,ACGGUGGGUUUC,((((((((((((,)))))))))))),-21.9
UCUUUGAUACUC,GAGUGUCGGAGG,.(((((((((((,))))))))))).,-22.4
CUUUUCCCUGUC,GGCGGGGAGAGG,((((((((((((,)))))))))))),-25.2
AAUUUGAACGUA,UGCGUUUGGAUU,((((((((((((,)))))))))))),-16.3
UCGUAGUCAGAU,GUUUGGCUGCGG,.(((((((((((,))))))))))).,-21.2
UUUGGUAGGCUG,CGGCUUAUUGAG,.(((((((((((,))))))))))).,-18.5
GUCAUUCUUGGA,UCCAAGGGUGAU,((((((((((((,)))))))))))),-22.6
UGCGUCCGGAUG,CGUUUGGACGUG,.(((((((((((,))))))))))).,-23.3
GAUGCGUGGUUG,CGAUUGCGCAUU,((((((((((((,)))))))))))),-20.8
GGGGUUGUUGCG,CGUAGCAGCUUC,((((((((((((,)))))))))))),-22.5
UGGACGGUGGUA,UGCCAUCGUCCG,.(((((((((((,))))))))))).,-26.6
CAUAGAGUGGGA,UUCUGUUUUAUG,((((((((((((,)))))))))))),-13.3
CGGAUGGUCUAG,CUGGACCGUCUG,((((((((((((,)))))))))))),-26.0
GUCCUGUAUGCC,GGCAUAUGGGGU,.(((((((((((,))))))))))).,-23.4
GGUUGUAUUUCC,GGGAAUACGACC,((((((((((((,)))))))))))),-23.9
GGUAAUUUGAGG,CCUCAGAUUGCU,((((((((((((,)))))))))))),-23.1
GCUGUUAUUAAG,CUUAGUAACGGU,((((((((((((,)))))))))))),-20.4
UUCCCUGGAGGG,CUCUUUAGGGAA,.(((((((((((,))))))))))).,-24.3
UGAUCAUAUUAA,UUGAUGUGAUCA,((((((((((((,)))))))))))),-19.3
GCGGAAUGGGAA,UUUCUAUUUCGC,((((((((((((,)))))))))))),-20.4
UCGCUAACCUUC,GGAGGUUGGCGG,.(((((((((((,))))))))))).,-25.8
AAUGUCAGACUU,AAGUCUGAUGUU,((((((((((((,)))))))))))),-20.3
UCGAUCUGUAUG,CAUGCGGAUCGA,((((((((((((,)))))))))))),-24.6
AUUGAGGUGGCU,AGUCAUUUCGAU,((((((((((((,)))))))))))),-19.6
CUUUUGUGGUUC,GGACCGUGAAGG,((((((((((((,)))))))))))),-17.1
UGAUUAGCUGCG,CGCGGUUAAUUA,((((((((((((,)))))))))))),-21.7
AGUUUCGACAUG,CGUGUUGAGAUU,.(((((((((((,))))))))))).,-19.9
UCGCGUUUGUGC,GUGCAAAUGUGG,.(((((((((((,))))))))))).,-20.9
UGGCGUGGGAGA,UCUUCCGUGCCA,((((((((((((,)))))))))))),-23.4
CGGCGUGGUUAU,GUGGCCAUGUCG,((((((((((((,)))))))))))),-22.3
GGUGACAGCCAU,GUGGUUGUUAUU,.(((((((((((,))))))))))).,-20.4
UCUUGUGAACCG,CGGUUUGUGGGG,.(((((((((((,))))))))))).,-16.5
CCGGGUGGUGUG,CGCACUACUUGG,((((((((((((,)))))))))))),-25.0
UGUUGUAGGCUC,GAGCUUGCGGUA,..((((((((((,))))))))))..,-20.2
AAAUGUCUAGUC,GGCUGGAUAUUU,((((((((((((,)))))))))))),-20.5
GUAUUCGAGGGU,AUCUUUGAAUAC,((((((((((((,)))))))))))),-19.4
AUGUACCGUUGU,ACAGCGGUGUAU,((((((((((((,)))))))))))),-19.8
UGUUGGUAAGUA,UAUUUAUUAGCA,((((((((((((,)))))))))))),-16.1
GUCGCGUUAAUU,GGUUGGUGCGAC,((((((((((((,)))))))))))),-17.1
UGUUGGGAGAGG,UCUUUUCCGACG,.(((((((((((,))))))))))).,-21.3
CAGGAGCCAGGA,UUUUGGUUCUUG,((((((((((((,)))))))))))),-21.1
GGUCGUUGGGGC,GUUUCGGCGACU,((((((((((((,)))))))))))),-22.1
UCUUUUAUAACU,AGUUAUAGGGGA,((((((((((((,)))))))))))),-17.7
GUAGUUCUGAGU,ACUUAGAAUUAC,((((((((((((,)))))))))))),-20.7
GUGCCUGCGGAG,UUCCGUGGGUAC,((((((((((((,)))))))))))),-25.3
UUGCCGGUCUGG,UCAGACUGGCAG,.(((((((((((,))))))))))).,-26.4
GUUAGGGGCGUG,UGUGUCCCUAGC,((((((((((((,)))))))))))),-20.2
GGUAUUUUGUUG,CGGCAAGGUGCC,((((((((((((,)))))))))))),-20.9
UUUACUUGUUCG,CGAAUAAGUAAG,.(((((((((((,))))))))))).,-20.2
UGAUCCAUGGUG,UGCCGUGGAUCG,.(((((((((((,))))))))))).,-24.4
UGGGUCCCAUCG,UGGUGGGACCUG,.(((((((((((,))))))))))).,-26.6
AGAAGGAUGCCG,UGGUAUCUUUCU,((((((((((((,)))))))))))),-22.6
UCGUCCGUUGGG,CCCGAUGGGUGG,.(((((((((((,))))))))))).,-22.7
GGUCCUUUCCAU,GUGGAGAGGACC,((((((((((((,)))))))))))),-26.7
GUUCUUUCUCGG,CUGAGAGGGGAC,((((((((((((,)))))))))))),-22.8
AAUUCUUUUAUA,UAUGGGAGGGUU,((((((((((((,)))))))))))),-14.6
AGCGUGAUGAGU,AUUCGUUACGCU,((((((((((((,)))))))))))),-22.3
AAGUAUUGAUCC,GGGUUGGUAUUU,((((((((((((,)))))))))))),-16.9
ACGUCUACAGGU,GCUUGUAGACGU,((((((((((((,)))))))))))),-23.9
UACAUGCUGUAU,AUGCAGUAUGUA,((((((((((((,)))))))))))),-21.7
GGUGGGCAGUUC,GGGCUGCCUGUU,...(((((((((,)))))))))...,-21.9
UUUUGUUUAGUG,CACUGGGUGGGA,((((((((((((,)))))))))))),-12.8
GUUUGAAGCGUU,AAUGUUUUGAGC,((((((((((((,)))))))))))),-16.3
UGAGGGAUUGCG,CGUAGUUUCUCA,((((((((((((,)))))))))))),-21.5
GUUAGCCUCAGU,ACUGGGGCUGGU,.(((((((((((,))))))))))).,-23.6
GUCGGAGGGGCU,AGUCUCUCUGAC,((((((((((((,)))))))))))),-25.5
UAGUGCGCACCU,GGGUGCGUAUUA,((((((((((((,)))))))))))),-24.1
AAGUCGUAACGA,UUGUUAUGACUU,((((((((((((,)))))))))))),-20.0
UGAAGCGCAUUG,CGGUGUGCUUCG,.(((((((((((,))))))))))).,-23.8
UUGAUUGUCGAU,AUCGACAAUUGG,..((((((((((,))))))))))..,-19.4
GCUCCUUUUCUG,CGGGAGGGGAGU,((((((((((((,)))))))))))),-23.5
CGUUCAUUCAGG,CUUGAAUGGGCG,((((((((((((,)))))))))))),-22.4
GUUUAGAUGUCU,GGACAUUUGAGC,((((((((((((,)))))))))))),-19.5
UACAGUGCUGAU,GUUAGCGUUGUA,((((((((((((,)))))))))))),-17.3
UUUACCUUAAGA,UCUUGGGGUAAG,.(((((((((((,))))))))))).,-20.2
GUGAGCGUGGAG,CUCUGCGUUCGU,..((((((((((,))))))))))..,-22.4
GGCUCGAGUUGC,GUAACUCGGGCU,((((((((((((,)))))))))))),-26.2
GUGGCCCUUGGU,GCUGAGGGUUAC,((((((((((((,)))))))))))),-22.8
AAGGGUUUUAUG,CGUAAGACUCUU,((((((((((((,)))))))))))),-19.4
GGUUGGUCUCCU,GGGAGACCAAUU,.(((((((((((,))))))))))).,-24.7
UGUUUAGCGCGU,ACGUGCUAAGUA,..((((((((((,))))))))))..,-20.1
UUCGCCAGCUCG,CGGGUUGGUGGG,.(((((((((((,))))))))))).,-24.6
GUGGUAGUAUGU,ACAUGUUACUGU,..((((((((((,))))))))))..,-14.8
GGGUCGGAUUUA,UGAAUUCGGUCU,((((((((((((,)))))))))))),-15.8
CUGGUACGGGCU,AGUCUGUGCCGG,((((((((((((,)))))))))))),-25.3
GUUGGUGGUGCG,UGCAUUGCCAAC,((((((((((((,)))))))))))),-22.8
GAAUCUGGAUGC,GCAUUCGGAUUU,((((((((((((,)))))))))))),-22.2
GUAAUGUGGGUG,CGCCUGUGUUAC,((((((((((((,)))))))))))),-17.4
ACACAGUUGUCA,UGAUAGUUGUGU,((((((((((((,)))))))))))),-17.9
AAUCGGUUGCGC,GUGCAAUCGGUU,((((((((((((,)))))))))))),-23.0
UGGUUUCUCAGC,GUUGAGAAGUUG,...(((((((((,)))))))))...,-17.8
UCUUUGGACGUG,CGCGUCUAGAGA,((((((((((((,)))))))))))),-24.1
CAAGUUAGUCGA,UUGAUUAGCUUG,((((((((((((,)))))))))))),-19.6
UGUCUUACGGUG,CAUUGUAAGGUA,..((((((((((,))))))))))..,-17.7
CGUUGGAUGGUG,UACCAUUUAAUG,((((((((((((,)))))))))))),-19.5
UUGGGAAGUGCC,GGCACUUCUUAA,.(((((((((((,))))))))))).,-24.6
AUUAUUGGUUGG,CCAACUAGUAGU,((((((((((((,)))))))))))),-20.6
CCGGGAGGCGCG,CGUGCCUUCUGG,((((((((((((,)))))))))))),-28.9
ACCGGAUAUCUG,CAGGUGUUUGGU,((((((((((((,)))))))))))),-21.9
GGGAAGUCUUGU,GCGAGGUUUCCC,((((((((((((,)))))))))))),-20.3
GUUUCUCUGGCU,GGUUAGAGAGAC,((((((((((((,)))))))))))),-21.5
ACGGGGAGGCGU,GUGUUUCUCUGU,((((((((((((,)))))))))))),-17.2
UGUGAAGUUCAU,AUGGGUUUCGCG,.(((((((((((,))))))))))).,-16.4
GCGCUGUAUUAC,GUAGUGUAGCGU,((((((((((((,)))))))))))),-20.2
AGAUGUUGUUGG,UUAAUAACGUUU,.(((((((((((,))))))))))).,-15.5
GCGUAGGCUAGG,UUUGGCCUGCGU,((((((((((((,)))))))))))),-24.2
CGCUCAUGGUCG,CGAUUGUGGGCG,((((((((((((,)))))))))))),-23.5
UUCGCUCUUCGG,CCGGGGAGUGGA,((((((((((((,)))))))))))),-24.7
GUUUUCGGCUUA,UGGGCUGAAGAU,((((((((((((,)))))))))))),-19.6
AGUUUUAGAGGU,GCCUUUAGGACU,((((((((((((,)))))))))))),-19.6
GCGGGUGGUGAA,UUCACUAUCCGU,((((((((((((,)))))))))))),-24.3
AGUGUGCCGUGU,GUAUGGCACACU,((((((((((((,)))))))))))),-21.7
UACGAUAUGUGC,GUAUGUGUUGUA,((((((((((((,)))))))))))),-18.2
AACCAUUUAUUU,GAAUAGAUGGUU,((((((((((((,)))))))))))),-17.9
AUUCUAUUGCGA,UUGUGAUGGGGU,((((((((((((,)))))))))))),-16.3
UUCUUGAUUUCU,AGGGGUUGAGGA,((((((((((((,)))))))))))),-15.9
UCUGUGGUUCUC,GAGGACCAUAGA,((((((((((((,)))))))))))),-25.4
UCUGUUCGUAAC,GUUAUGGGCGGA,((((((((((((,)))))))))))),-21.2
UGUGUUUACGGG,UCUGUAGACACG,.(((((((((((,))))))))))).,-21.7
GAGGGGCAGGCU,GGUCUGCUCCUC,((((((((((((,)))))))))))),-27.4
GAGGCCGAGGCG,UGCUUUGGCUUU,((((((((((((,)))))))))))),-23.7
GCAUACGCCUCU,AGGGGUGUAUGC,((((((((((((,)))))))))))),-26.2
GGAAUUCGUUCU,AGGGCGGGUUCU,((((((((((((,)))))))))))),-20.5
UCUAAGGGGCCU,GGGCUUCUUAGG,.(((((((((((,))))))))))).,-23.1
UUCGCUGAUAAA,UUUGUUGGUGAG,.(((((((((((,))))))))))).,-17.1
UCUUUUGUUUUC,GAAGGUAGAAGA,((((((((((((,)))))))))))),-15.0
UUCGUGGGGACU,GGUUCUCACGAG,.(((((((((((,))))))))))).,-22.6
CGAUGGGAUUAU,AUGAUCCUAUUG,((((((((((((,)))))))))))),-20.3
CUUCACGUCCAU,AUGGAUGUGGGG,((((((((((((,)))))))))))),-23.3
CAACGUAGGAAU,GUUUCUGCGUUG,((((((((((((,)))))))))))),-20.6
UAAUGUUGAACG,CGUUUAGCGUUG,((((((((((((,)))))))))))),-19.3
UCGAAUUUUGAU,AUUAGAAUUUGG,.(((((((((((,))))))))))).,-15.6
UCUAAAUAUGGA,UUUGUGUUUAGG,.(((((((((((,))))))))))).,-15.0
CGUGAUCAGUGG,UCAUUGAUUAUG,((((((((((((,)))))))))))),-19.6
GUACAGUGGUGU,AUGCCACUGUGC,((((((((((((,)))))))))))),-24.3
GAAACACUAAAU,AUUUGGUGUUUU,((((((((((((,)))))))))))),-18.3
GUGUUCGCGCGC,GUGUGCGGGUGC,((((((((((((,)))))))))))),-20.6
UCACAGGGAUGU,GCAUCUUUGUGA,((((((((((((,)))))))))))),-21.9
UCUACGGAUGUU,GGCGUCCGUGGG,.(((((((((((,))))))))))).,-23.0
CUAUCCUGGGUC,GAUUCGGGAUGG,((((((((((((,)))))))))))),-23.3
AAGGUACCUCGU,GUGAGGUGCCUU,((((((((((((,)))))))))))),-21.7
GGGACAAUUUGG,UUAAGUUGUCCC,((((((((((((,)))))))))))),-21.9
AGGGUUGGCUGU,GCGGCUAAUCUU,.(((((((((((,))))))))))).,-20.9
AUGGUUUACUGU,GUAGUGAGUCGU,((((((((((((,)))))))))))),-11.7
AGCGGGGUGCAU,GUGCAUCUCGCU,((((((((((((,)))))))))))),-25.2
GGGCUUGUCUGG,CCAGGUAAGCCU,((((((((((((,)))))))))))),-24.2
CAAUUGGUUUUC,GGAGACUGAUUG,((((((((((((,)))))))))))),-18.2
UCUUGUUGUGUU,AGCAUGACAAGG,.(((((((((((,))))))))))).,-19.6
GGUGGAGUGUGC,GCAUGCUUCACC,((((((((((((,)))))))))))),-25.7
GGAAUUGACUGG,CCGGUCAGUUUU,.(((((((((((,))))))))))).,-22.1
UGGGGCUUGUUU,AAACGGGCCUUA,((((((((((((,)))))))))))),-21.0
GUGUGGGUGCUG,CAGUGUCCGCAU,((((((((((((,)))))))))))),-21.0
UGGGAGUUUGUC,GGCGGACUCUCG,.(((((((((((,))))))))))).,-23.1
GGUAACUUUGAG,CUUGGAGUUGCC,((((((((((((,)))))))))))),-21.1
CGCACACAGGUG,UGUCUGUGUGCG,((((((((((((,)))))))))))),-21.8
AACUUCGGUAGA,UUUAUUGGGGUU,((((((((((((,)))))))))))),-16.2
UACUUCCUAGGU,ACUUGGGAAGUG,((((((((((((,)))))))))))),-22.6
UGGAUUGGAUGG,CUGUCCAAUCCG,.(((((((((((,))))))))))).,-24.4
UAAGUUCUGUAA,UUGCGGAGUUUG,((((((((((((,)))))))))))),-14.6
GUCAUCUAUCAA,UUGGUGGAUGGU,.(((((((((((,))))))))))).,-19.2
CCUGGGUUGUCG,CGGCAGUUUGGG,((((((((((((,)))))))))))),-18.1
GGGGUGGUUUAG,CUGAGUUGCCCU,((((((((((((,)))))))))))),-18.8
AUCGCUUUGCUC,GAGUGAAGCGGU,((((((((((((,)))))))))))),-23.3
GGUACGGUGCUG,CGGUGUCGUAUU,.(((((((((((,))))))))))).,-17.6
UGUGGCAGCAAU,AUUGUUGCUGCA,((((((((((((,)))))))))))),-21.8
AAAGUGGUUGUG,UAUAACUGCUUU,((((((((((((,)))))))))))),-17.5
GGGGACUGUAGU,GCUAUAGUCUCU,((((((((((((,)))))))))))),-22.5
UAAUGGGGUGUA,UGUAUCCCAUUG,((((((((((((,)))))))))))),-17.8
UCCUUACUAAGA,UUUUGGUAGGGA,((((((((((((,)))))))))))),-20.3
CAUGGUGUUGAU,AUUGACGUUAUG,((((((((((((,)))))))))))),-13.6
CCGAGUCGGGCU,GGUCUGACUUGG,((((((((((((,)))))))))))),-24.6
UGCGGGUAGUAU,AUACUACCUGUG,.(((((((((((,))))))))))).,-23.0
CAGCAGUGGCAC,GUGCUAUUGUUG,((((((((((((,)))))))))))),-24.2
GUAGGUGGAGCU,AGCUUUAUUUAC,((((((((((((,)))))))))))),-19.6
UUUCAUGGUGCU,AGUGUUAUGAGA,((((((((((((,)))))))))))),-14.7
UGGAUAUUGUGU,GUGUGAUGUCCA,((((((((((((,)))))))))))),-11.2
GGUUUGUCUGUC,GAUAGAUAGGCC,((((((((((((,)))))))))))),-22.7
GCUGUGCGUUAG,UUGGCGCGUAGU,((((((((((((,)))))))))))),-18.9
UGUUAAGAGCUC,GAGUUCUUGGCG,.(((((((((((,))))))))))).,-22.6
ACGCGGGCUGCA,UGCGGCCUGUGU,((((((((((((,)))))))))))),-27.8
CCAUCUGGCUGU,ACAGCUAGGUGG,((((((((((((,)))))))))))),-26.5
UUCCUUGUGUGG,CCACAUGAGGGG,.(((((((((((,))))))))))).,-23.7
AAGCCGGUUGUG,CACGGUUGGCUU,((((((((((((,)))))))))))),-20.2
AUGUUGGGCAGA,UCUGUCCAAUAU,((((((((((((,)))))))))))),-22.9
AGAGUCGUGCUU,GAGUGUGACUCU,((((((((((((,)))))))))))),-18.7
GUGGAGGAAGCU,GGUUUCUUUCGC,((((((((((((,)))))))))))),-20.2
GUUAACGAAUGG,CUGUUUGUUGAC,((((((((((((,)))))))))))),-18.6
UGUGGUCUUGAU,AUCAAGACUACG,.(((((((((((,))))))))))).,-23.2
UGGCCACUUUGG,CCGGGGUGGCUA,((((((((((((,)))))))))))),-25.6
GUUGUGACCGGC,GUCGGUUACGAU,((((((((((((,)))))))))))),-24.1
UUACCGUGGGUG,UGCCCGCGGUGG,.(((((((((((,))))))))))).,-25.4
GUUUUGCCUUGU,GCAGGGCGAAAU,((((((((((((,)))))))))))),-21.7
UUACGUUGACGG,UCGUCAGCGUGG,.(((((((((((,))))))))))).,-23.1
UUAGGCUGAAGC,GUUUCGGCUUGG,.(((((((((((,))))))))))).,-21.6
ACUGGUUGGGUA,UAUUCAACCGGU,((((((((((((,)))))))))))),-21.4
GCGUGGGCGAGC,GUUCGUCCACGC,((((((((((((,)))))))))))),-29.4
CUCAUUGCGGGG,UCCUGUAGUGGG,((((((((((((,)))))))))))),-22.8
AUUAGUUUAGAU,GUUUGGACUAAU,((((((((((((,)))))))))))),-15.5
GCCUGGGCGGCG,CGCUGCUUAGGC,((((((((((((,)))))))))))),-29.3
ACCGGUAACGUG,UGCGUUAUUGGU,((((((((((((,)))))))))))),-20.6
GGAGGGGUUGAC,GUUAGUCCUUCU,((((((((((((,)))))))))))),-19.4
GAUUUUCCGACC,GGUCGGGGAAUU,((((((((((((,)))))))))))),-23.8
CGUGCUUUAGGG,CUUUAAGGUAUG,((((((((((((,)))))))))))),-18.6
GGGUGUUGUGUU,AAUAUGGUGCCC,((((((((((((,)))))))))))),-15.6
UAUGAUUGGUUU,AGGUUAAUCAUG,((((((((((((,)))))))))))),-12.6
UACGCAUCGAGU,GUUUGAUGCGUA,((((((((((((,)))))))))))),-18.7
UGAAGUGCAGGG,UCCUGCGUUUUA,((((((((((((,)))))))))))),-19.1
CGAAAGGAUAUC,GGUGUCCUUUUG,((((((((((((,)))))))))))),-21.7
GUUCAAAUUACA,UGUAAUUUGGGU,.(((((((((((,))))))))))).,-16.6
CGGCUUUGCUCU,AGGGUGGAGUCG,((((((((((((,)))))))))))),-21.4
GGGACUUUCUUU,GGAGGGAGUCCU,((((((((((((,)))))))))))),-21.1
AGACGAUGUGAA,UUCGUAUUGUCU,((((((((((((,)))))))))))),-17.4
GUUAGGAUACGU,GCGUAUUUUGAC,((((((((((((,)))))))))))),-18.7
UGGUCUAGCGAU,AUCGUUGGGCCG,.(((((((((((,))))))))))).,-24.1
UUUAACGUCGUU,GAUGAUGUUAAA,.(((((((((((,))))))))))).,-17.4
UCUGCUGGGGUC,GAUUCUGGCAGG,.(((((((((((,))))))))))).,-22.9
CUGGAAGGUGGU,ACUACUUUCUGG,((((((((((((,)))))))))))),-20.6
CUCCUGAUGAGC,GUUCGUCAGGGG,((((((((((((,)))))))))))),-25.9
CGCUGGCCCGGC,GUUGGGUUAGUG,((((((((((((,)))))))))))),-25.1
UGCGACCGAUGU,GUAUCGGUCGCG,.(((((((((((,))))))))))).,-23.1
AGAUUUAGGAUU,GGUCCUGGAUUU,.(((((((((((,))))))))))).,-17.4
UCCGAGUUGAUG,UAUUAAUUCGGG,.(((((((((((,))))))))))).,-20.2
GUAUUUCUUUAC,GUGAAGGAAUGU,.(((((((((((,))))))))))).,-17.5
CAUACGGGAAUA,UGUUCUUGUGUG,((((((((((((,)))))))))))),-19.4
AUUCUUUGAAAC,GUUUCAAGGAGU,((((((((((((,)))))))))))),-20.1
CAUGUGUUUGUU,AGUAAACAUAUG,((((((((((((,)))))))))))),-15.2
GUGUAGUUGGGU,GUUCAGCUACGU,..((((((((((,))))))))))..,-15.3
GCUUUAUUUCUA,UGGAGAUAAGGC,((((((((((((,)))))))))))),-19.8
UCAGUCAUAAGU,GUUUAUGACUGA,((((((((((((,)))))))))))),-17.7
GUAUGUGCUCCA,UGGAGUAUGUGC,((((((((((((,)))))))))))),-22.4
ACGGGAUGUGGU,AUUGCAUUUUGU,((((((((((((,)))))))))))),-15.9
CGCUAACGUAUC,GGUACGUUGGCG,((((((((((((,)))))))))))),-24.9
UCUGAGACUGGC,GCCGGUUUUAGA,((((((((((((,)))))))))))),-24.7
GAUGCGGAUAUC,GGUAUUUGCAUC,((((((((((((,)))))))))))),-21.6
GGGGCUUAAAUU,AAUUUGAGCUUC,((((((((((((,)))))))))))),-18.9
UAUUUAGUGUCC,GGACGUUAGAUG,((((((((((((,)))))))))))),-17.5
UGUGUGUGUCGC,GCGAUGCGUGUA,.....(((((((,))))))).....,-17.4
UGACGUUGCCAG,CUGGCGAUGUUA,((((((((((((,)))))))))))),-24.6
UGCUUUAAACAU,AUGUUUGGGGCA,((((((((((((,)))))))))))),-19.5
UAGCUUUUCCUG,UGGGGAAAGCUG,((((((((((((,)))))))))))),-21.1
UCACUUGUGGUC,GGUCGCGAGUGG,.(((((((((((,))))))))))).,-20.3
GGAGGGGCGUUG,CAGUGCUCCUUC,((((((((((((,)))))))))))),-22.2
ACUUUGCAUGCG,UGCGUGCAGGGU,((((((((((((,)))))))))))),-23.4
UUAAACGACCAG,UUGGUUGUUUAG,.(((((((((((,))))))))))).,-20.0
AUGGUCUCUAUU,GGUGGAGAUCAU,((((((((((((,)))))))))))),-19.8
UUUUGUGGAAGU,AUUUCCGUGAAA,.(((((((((((,))))))))))).,-14.3
CCGUGACCGUGG,UCACGGUUGUGG,((((((((((((,)))))))))))),-21.4
GGGACGAGUACG,CGUACUUGUUCU,((((((((((((,)))))))))))),-23.7
UCUUGUGUUUCG,UGGGGCGUAAGA,((((((((((((,)))))))))))),-15.7
GAAUUGAGGCAG,CUGCCUCAGUUU,((((((((((((,)))))))))))),-25.4
AGUGUAUUUACG,CGUGGAUAUGCU,((((((((((((,)))))))))))),-19.2
UUUGACAUGGUU,AACUGUGUCAAG,.(((((((((((,))))))))))).,-19.7
UUGUGCUGGUUC,GGAUCAGCGCAG,.(((((((((((,))))))))))).,-23.9
UAUCAUGAUUUU,GAGAUCGUGGUA,((((((((((((,)))))))))))),-17.6
GUAUCCUUUGAA,UUUGAAGGAUGU,.(((((((((((,))))))))))).,-17.1
GUUACUUUAUAU,AUGUAGGGUGGC,((((((((((((,)))))))))))),-17.4
UACCAAGGGGCC,GGUCUUUUGGUG,((((((((((((,)))))))))))),-23.6
UGUGCUUCUAUC,GAUGGAGGUGCG,.(((((((((((,))))))))))).,-22.0
UUGCCCUGUCAC,GUGACAGGGUGA,((((((((((((,)))))))))))),-26.8
UAGACAGAAUCU,AGGUUUUGUUUA,((((((((((((,)))))))))))),-18.0
AGGUAGAUUUCC,GGAAAUUUGUCU,((((((((((((,)))))))))))),-17.4
UGCUGGCAUGCU,GGUAUGUUGGCA,((((((((((((,)))))))))))),-20.9
GGAUUCAUGGUC,GGCUGUGAGUUC,((((((((((((,)))))))))))),-20.6
UACUUGGUAAAU,GUUUACUAGGUA,((((((((((((,)))))))))))),-17.8
AUGUGUGCUCUC,GAGAGUGCAUGU,((((((((((((,)))))))))))),-21.9
CGAUUGAGGGUU,GACCUUCAAUUG,((((((((((((,)))))))))))),-21.0
UUGAAAGUAAUG,CAUUGUUUUCGG,.(((((((((((,))))))))))).,-14.7
GUCUUUGUGCGU,AUGCACAGGGGC,((((((((((((,)))))))))))),-23.0
UAUGGCAUUCGG,CCGAGUGUCAUA,((((((((((((,)))))))))))),-24.4
GACGAGUGCGGG,UUCGCGUUUGUC,((((((((((((,)))))))))))),-19.1
UCGUAACGUGCG,CGUAUGUUACGG,.(((((((((((,))))))))))).,-23.4
CAGCAUGUAUGG,CCGUGUAUGUUG,((((((((((((,)))))))))))),-19.4
UUUUAACUAGAU,AUCUAGUUAGGG,.(((((((((((,))))))))))).,-18.2
UGUAUCCGCCAG,CUGGUGGGUGUA,..((((((((((,))))))))))..,-22.9
GGGCAUUGACAC,GUGUUGGUGCCU,((((((((((((,)))))))))))),-23.9
GUGCCCACAAGG,CCUUGUGGGUAU,((((((((((((,)))))))))))),-27.9
UGUCUAGGUACC,GGUGCUUAGACG,.(((((((((((,))))))))))).,-25.3
GUCCAUGUUGGC,GUCAGUGUGGAC,((((((((((((,)))))))))))),-20.6
UAGGAUGGUUCG,UGAACUAUUCUA,((((((((((((,)))))))))))),-20.1
UGAGUGGUUUGG,CCAGGCUAUUCA,((((((((((((,)))))))))))),-22.3
GAAGGAUUUGGU,ACCAAGUUCUUU,((((((((((((,)))))))))))),-20.3
GGUUCUGCACUA,UGGUGCAGGGCC,((((((((((((,)))))))))))),-25.8
CGUUGAGGGAGC,GCUUCUUUAAUG,((((((((((((,)))))))))))),-21.1
AUAUACGUGUUG,CAACGCGUGUGU,((((((((((((,)))))))))))),-22.2
UGGUUUUCCCGG,UUGGGGAGAUUA,((((((((((((,)))))))))))),-18.9
AGUAGUGAUCGC,GUGGUUGCUGUU,..((((((((((,))))))))))..,-17.6
GGUCUCGGUAAA,UUUGCUGGGGCC,((((((((((((,)))))))))))),-22.7
CUGUAUCGAUGG,UUAUUGAUACAG,((((((((((((,)))))))))))),-19.8
UUUGCCGUGAAG,CUUCAUGGCGGG,.(((((((((((,))))))))))).,-23.6
CUGGGGACCGAG,CUUGGUUUUCAG,((((((((((((,)))))))))))),-22.5
CGGAUUGUCCGG,UCGGGCAAUUCG,((((((((((((,)))))))))))),-23.8
ACCUAUAGAUGU,GUAUUUGUGGGU,((((((((((((,)))))))))))),-15.5
UAGUGUUAUGCA,UGCAUGAUAUUG,((((((((((((,)))))))))))),-18.9
UAGGGAACUUGU,GUAAGUUUUCUG,((((((((((((,)))))))))))),-14.0
GCUCCAUGCUCU,GGGGCAUGGGGU,((((((((((((,)))))))))))),-25.6
GAGGUGCGGAAA,UUUCUGCGCUUU,((((((((((((,)))))))))))),-21.5
AGUCUAGCGUUA,UAGCGCUAGGUU,..((((((((((,))))))))))..,-20.3
UGCGGUGGAACA,UGUUCCACUGCG,.(((((((((((,))))))))))).,-26.6
GGAUGGGAGGUA,UAUCUUUUAUUC,((((((((((((,)))))))))))),-16.5
UUUUCUUGAGUC,GAUUUAAGGAAG,.(((((((((((,))))))))))).,-18.0
ACACUUCGAUUU,AGAUUGAGGUGU,((((((((((((,)))))))))))),-20.0
UCGUCUCAAUUU,AGGUUGGGGCGG,.(((((((((((,))))))))))).,-20.2
UGGGUCGGGUGU,GCACUCGGUCUA,((((((((((((,)))))))))))),-19.4
UAAUCGCGUCCG,CGGGCGUGGUUA,((((((((((((,)))))))))))),-24.8
UGGCGGCACUUC,GAGGUGCUGCCG,.(((((((((((,))))))))))).,-28.6
UCGGGAGGGAGA,UUUCCUUCCUGA,((((((((((((,)))))))))))),-24.4
GUUUUGUUGGAG,UUCCAACAGGGU,.(((((((((((,))))))))))).,-18.6
GUGGGUUGUGUG,CGCACAGUUCAC,((((((((((((,)))))))))))),-20.1
UUUUGUCCGGUA,UAUCGGGUAAGA,((((((((((((,)))))))))))),-16.4
GGUACAUGGUGG,CCGUUAUGUGUC,((((((((((((,)))))))))))),-15.7
UGGAUUGUUUGU,ACGGGUGGUCUA,((((((((((((,)))))))))))),-13.1
CUGGCUAGGUAG,CUGCUUGGCCAG,((((((((((((,)))))))))))),-26.5
UUGAGGUUGCAG,CUGUAACCUUGG,..((((((((((,))))))))))..,-22.0
GGCUUAAUCUUA,UGGGAUUGAGCU,((((((((((((,)))))))))))),-20.4
AUCCGUCAUUUG,UAGAUGAUGGGU,((((((((((((,)))))))))))),-20.3
ACUACCGUGGUC,GGUCGUGGUGGU,((((((((((((,)))))))))))),-17.6
GUUGCGGGGUGU,AUACCUCGUAAU,((((((((((((,)))))))))))),-22.4
UAGUGUGGUGCU,AGCGCCGUGCUG,((((((((((((,)))))))))))),-20.8
UCUGGCAAUUUU,GAGGUUGCCGGA,((((((((((((,)))))))))))),-21.2
AGCUCCGGCGGC,GUCGCUGGAGUU,.(((((((((((,))))))))))).,-27.9
UAUAGGGGCGUU,GACGUUCCUAUG,((((((((((((,)))))))))))),-21.0
UCGAUUCUUUGG,CUAAGGGGUCGA,((((((((((((,)))))))))))),-21.0
UGUCCGGGUACU,AGUAUUCGGGCA,((((((((((((,)))))))))))),-23.5
AUAAGUCAACGU,ACGUUGGUUUGU,((((((((((((,)))))))))))),-16.6
ACGGCUCAGAUC,GGUCUGGGCUGU,((((((((((((,)))))))))))),-25.8
UCUAUCUAGGAU,AUUCUAGAUGGG,.(((((((((((,))))))))))).,-20.7
GAAUCUUUGGGG,CUUUAAAGGUUU,((((((((((((,)))))))))))),-16.8
GCGUAAGGCGCU,AGUGUCUUGCGU,((((((((((((,)))))))))))),-24.1
CGAGGCUGUUCG,UGAAUAGUUUCG,((((((((((((,)))))))))))),-20.9
GUCGGUCCAGUC,GACUGGGUCGAC,((((((((((((,)))))))))))),-24.9
AAGGUAAUAGCU,GGUUAUUAUUUU,((((((((((((,)))))))))))),-15.0
GACUCGACAAGU,GCUUGUUGGGUC,((((((((((((,)))))))))))),-23.0
UGUCUUAGAUGA,UUGUUUAAGGUG,..((((((((((,))))))))))..,-13.2
AAUGCGGAGGAA,UUCCUCUGCGUU,((((((((((((,)))))))))))),-24.2
GACAUGUUCUUA,UGAGGGCGUGUC,((((((((((((,)))))))))))),-21.4
UGGUGGCCUAUG,UAUAGGUCACUA,((((((((((((,)))))))))))),-23.0
UGGGUCGGUCGC,GUGGUCGGCUCA,((((((((((((,)))))))))))),-21.3
UUUGUAUUUUCU,GGGAGGUAUGAA,.(((((((((((,))))))))))).,-13.9
GAUUGGGUGGGA,UUUCGCCCAAUC,((((((((((((,)))))))))))),-23.3
GUAGACACAUUC,GGGUGUGUUUGU,.(((((((((((,))))))))))).,-19.1
UAUAGCUAUAGU,GCUGUGGCUGUG,((((((((((((,)))))))))))),-20.8
AGCCGAAUGGAA,UUCUAUUUGGUU,.(((((((((((,))))))))))).,-20.1
CGUCUUGUUGAC,GUUAGUAAGGUG,..((((((((((,))))))))))..,-13.5
UUCCGAUGCAUU,AAUGCGUUGGGA,((((((((((((,)))))))))))),-21.8
AAGAUUGCAGGU,AUCUGUAGUUUU,((((((((((((,)))))))))))),-18.1
GAAUUUUCUUUG,CGAAGAGGAUUC,((((((((((((,)))))))))))),-19.1
UUUGAUGGACCC,GGGUCUAUCAGG,.(((((((((((,))))))))))).,-25.1
UCCAGGUAAGGU,GCUUUAUUUGGA,((((((((((((,)))))))))))),-19.5
AACAGUGAGGCU,GGCCUUACUGUU,((((((((((((,)))))))))))),-24.5
GCAAAUUUGGUG,CGUUGAGUUUGC,((((((((((((,)))))))))))),-15.1
GAUCUCUGGUCG,UGGCCAGAGAUU,((((((((((((,)))))))))))),-25.0
UACGGUGAUGUG,UACAUUGUUGUG,((((((((((((,)))))))))))),-14.0
UGUUCGAUUUGU,ACGAGUCGGGCG,.(((((((((((,))))))))))).,-20.9
GGGGCGUCUCGG,CUGAGAUGCUUC,((((((((((((,)))))))))))),-24.9
AGUCGUGAUUGU,GCGAUCACGAUU,.(((((((((((,))))))))))).,-21.7
UGGCAGCUUGCG,UGUAAGCUGCCA,((((((((((((,)))))))))))),-27.1
GAUUAUUUGCUG,UAGUGGAUAAUC,((((((((((((,)))))))))))),-17.2
UCAAAGGUUGAG,CUUGACUUUUGA,((((((((((((,)))))))))))),-19.3
GUAGUUCUUAUG,CAUGGGAGCUGC,((((((((((((,)))))))))))),-22.1
AUCGUCCGUGUG,UAUGUGGACGAU,((((((((((((,)))))))))))),-18.8
GUGGUUUUGUAG,UUGCAAGACUAU,((((((((((((,)))))))))))),-18.5
AAACUCCGGUGA,UUAUCGGAGUUU,((((((((((((,)))))))))))),-21.9
GGGUGCUCGGAC,GUCUGGGCAUUC,((((((((((((,)))))))))))),-24.7
UUACGCGAAGGU,ACUUUCGUGUGA,((((((((((((,)))))))))))),-21.7
CUGUACAUAUGG,UUAUAUGUGUGG,((((((((((((,)))))))))))),-14.1
AUGGCUGCAUUG,CAAUGUGGUUAU,((((((((((((,)))))))))))),-19.3
UGGGCGUUGGGU,AUUCGAUGCCUG,.(((((((((((,))))))))))).,-21.2
GAGGUUUGCUCG,UGAGCAAACUUU,((((((((((((,)))))))))))),-22.2
GUUUCUAGGCUA,UGGCUUGGGAGU,.(((((((((((,))))))))))).,-18.8
CGGGGACGAGAG,CUCUUGUCUUCG,((((((((((((,)))))))))))),-24.6
CUUUCCGUACGU,GCGUGUGGGGAG,((((((((((((,)))))))))))),-19.2
UUGGCCUCCUUU,AAGGGAGGUUGA,((((((((((((,)))))))))))),-21.4
UGUCGGGCUGUU,GAUAGCUCGGUG,..((((((((((,))))))))))..,-19.1
UGGGUUAUGUUU,AGGCAUGGCCCA,((((((((((((,)))))))))))),-22.2
UGUGGGCUGACU,AGUUGGCUUGCG,.(((((((((((,))))))))))).,-20.3
CGGCCAGGCGUC,GGUGUUUGGUUG,((((((((((((,)))))))))))),-19.1
GUUUGUUUUGGG,UCUAGAAUGGGU,.(((((((((((,))))))))))).,-12.9
UGGGAUCAUGGA,UUUGUGAUUCUA,((((((((((((,)))))))))))),-16.9
UUUGCACAGGAC,GUCUUGUGCAGA,((((((((((((,)))))))))))),-24.7
UCUGGUCGCCUA,UAGGUGGUUGGA,((((((((((((,)))))))))))),-18.0
GGGUCAAGGGCU,GGCCUUUGAUUU,.(((((((((((,))))))))))).,-21.3
UUAGAUUUAGCU,AGUUAAAUCUAG,.(((((((((((,))))))))))).,-18.9
GCCGUCUGCGUA,UACGUAGGUGGU,((((((((((((,)))))))))))),-21.4
UUGGCUCUCCGA,UUGGAGGGCUAG,.(((((((((((,))))))))))).,-24.1
UUAGGUAUGUCG,UGGCAUGUUUGA,((((((((((((,)))))))))))),-14.5
GUGAAUGUGUGU,AUGCGUAUUUGU,..((((((((((,))))))))))..,-11.5
CUGUGAUUUAUA,UAUGAAUUACGG,((((((((((((,)))))))))))),-17.7
GCAGCUAGUAGU,GUUACUAGUUGU,((((((((((((,)))))))))))),-17.8
GGGCGCAUUCUU,AGGAAUGCGUUU,.(((((((((((,))))))))))).,-21.4
GGUAUUGAGCGA,UCGCUUAAUAUC,((((((((((((,)))))))))))),-21.8
UGUGGGACGUGG,UCAUGUUCCAUG,.(((((((((((,))))))))))).,-21.8
GUGGACGGGCAC,GUGCUCGUUUAU,((((((((((((,)))))))))))),-23.7
CCCGUAGGGUGG,CUAUCCUAUGGG,((((((((((((,)))))))))))),-26.3
AGGUGGGAAUGG,CCGUUCUUGCUU,.(((((((((((,))))))))))).,-20.7
UUAUCGUGGUCU,GGGCUGUGAUAA,.(((((((((((,))))))))))).,-15.6
UAACUAUGCGGC,GUUGCGUGGUUA,((((((((((((,)))))))))))),-21.7
UUUUGGGUACGC,GUGUAUCCAGAG,.(((((((((((,))))))))))).,-22.2
GUGUCGUUAUUU,GAGUAACGGCAU,((((((((((((,)))))))))))),-19.4
UAGAUCGAUUAC,GUGAUCGGUCUG,((((((((((((,)))))))))))),-22.4
UAGACACUACUC,GAGUAGUGUUUG,((((((((((((,)))))))))))),-23.1
AGUGUCUCCUGU,GUAGGAGGUAUU,.(((((((((((,))))))))))).,-14.7
AUGAGAGUUCGG,CUGGAUUUUCGU,((((((((((((,)))))))))))),-19.1
GUGUUAUGGGGU,AUCUCGUAACAU,((((((((((((,)))))))))))),-19.9
CACGCUUUAACC,GGUUGGGGUGUG,((((((((((((,)))))))))))),-22.8
ACUGGAAGUAUG,CAUAUUUCUAGU,((((((((((((,)))))))))))),-20.9
ACUAUCAUUUGG,UCGGAUGAUGGU,((((((((((((,)))))))))))),-19.5
GAGGAGAUGAGU,GCUUAUCUUCUU,((((((((((((,)))))))))))),-20.5
GUGUGUGAUCGG,CUGAUUGUAUAU,((((((((((((,)))))))))))),-15.2
GGGGUUCACGGG,CUCGUGAACUUC,((((((((((((,)))))))))))),-24.1
CGCGAAAGGGUU,AGCCCUUUUGUG,((((((((((((,)))))))))))),-23.4
UAUCUGGGACAC,GUGUCCUAGAUG,((((((((((((,)))))))))))),-25.5
CCGUUGAGUUCC,GGAGUUUAACGG,((((((((((((,)))))))))))),-20.8
UAGUAGAAGGUC,GAUUUUCUACUG,((((((((((((,)))))))))))),-20.5
GUCAUAUGGCGG,UCGCUGUAUGGC,((((((((((((,)))))))))))),-22.3
AUAGGAGUGGCA,UGUUGCUUCUGU,((((((((((((,)))))))))))),-19.2
CAGUGUGUCUCC,GGAGGUGUGCUG,((((((((((((,)))))))))))),-16.9
GGUAUUACGAGC,GCUUGUGGUAUC,((((((((((((,)))))))))))),-21.6
GUGGUAUAUGUG,UACGUAUGCUAC,((((((((((((,)))))))))))),-20.5
AUUCCAUUUGUC,GACGAAUGGGGU,((((((((((((,)))))))))))),-21.7
GGCGUAACUUCG,CGAGGUUGUGCC,((((((((((((,)))))))))))),-22.6
CGAGAAGGGAGA,UUUUCCUUCUUG,((((((((((((,)))))))))))),-21.2
UAGCGGCUGAGU,GCUUAGUUGUUA,((((((((((((,)))))))))))),-19.6
CAGUGCGGGUCA,UGACUCGUGUUG,((((((((((((,)))))))))))),-19.3
GUUUAUCGCUUC,GAAGUGGUAAGU,.(((((((((((,))))))))))).,-19.2
UAUUUAGUUGGG,CCUGACUGGAUG,((((((((((((,)))))))))))),-19.3
AUCGGAGUUUAG,CUAAAUUCCGGU,((((((((((((,)))))))))))),-21.9
GGCGCUGUGCGG,CUGUACAGUGUU,.(((((((((((,))))))))))).,-24.2
AGAGGCUAUUUG,UGGGUGGCCUCU,((((((((((((,)))))))))))),-21.3
GUGGGUGUCCGC,GUGGACAUUCAC,((((((((((((,)))))))))))),-25.7
GUUUCUAGGUGG,UCAUCUGGAAGC,((((((((((((,)))))))))))),-21.4
AUUGAUAGUGGA,UUUACUGUUAAU,((((((((((((,)))))))))))),-16.3
UGAAUUGUUAGU,GCUGACGGUUCG,.(((((((((((,))))))))))).,-19.5
UGGCCGGCUGUG,UGCAGCUGGUUA,((((((((((((,)))))))))))),-23.4
GAAGGUAUUGUU,GGCAGUGUCUUC,((((((((((((,)))))))))))),-16.0
GUGUGUGGGAUA,UAUUCCGUAUGC,((((((((((((,)))))))))))),-16.2
UUUGUCGUCUUU,AGGGACGACAGG,.(((((((((((,))))))))))).,-21.2
UAUAUACUUUUG,CAAAAGUGUGUG,((((((((((((,)))))))))))),-18.6
UGAUCUGUGUUU,AGACGCAGAUUG,.(((((((((((,))))))))))).,-20.5
GAUGGAGACUUC,GAAGUCUCUGUC,((((((((((((,)))))))))))),-24.2
UUAUGAAAGGCU,GGUCUUUUAUGA,((((((((((((,)))))))))))),-17.5
CAUGAUCGGGUA,UAUUUGAUCGUG,((((((((((((,)))))))))))),-18.9
GUUGGGAUUUGG,CUGGAUCCCAAU,((((((((((((,)))))))))))),-21.8
AGGUCCUUCUUA,UGAGAAGGGCUU,.(((((((((((,))))))))))).,-22.4
CAUUUCGACGGU,GCUGUUGGAGUG,((((((((((((,)))))))))))),-20.1
UGUCCGUAGGAG,UUUCUGCGGAUA,((((((((((((,)))))))))))),-22.3
UUGCAUCAUUAU,GUAAUGAUGCGA,((((((((((((,)))))))))))),-20.3
ACUAUUGGGGAG,CUCUUUGAUGGU,((((((((((((,)))))))))))),-18.7
UGUAAUAAGUAG,CUACUUGUUGCA,((((((((((((,)))))))))))),-21.2
GAAUACUGGCUU,AAGUUGGUGUUU,((((((((((((,)))))))))))),-17.3
CUGGCGUAAGGA,UCCUUGUGCCGG,((((((((((((,)))))))))))),-23.0
UGGGGUAGUGGC,GCCGCUAUCCUA,((((((((((((,)))))))))))),-26.9
CUGAUGGUAGUG,UACUACUGUUGG,((((((((((((,)))))))))))),-18.4
AGGGUUGAUGUU,AGUGUCGAUCUU,.(((((((((((,))))))))))).,-13.9
UGUCGGAGGACU,AGUCUUUUGAUG,.(((((((((((,))))))))))).,-19.9
UUGUGCCUUUAA,UUGGAGGCGUGG,....((((((((,))))))))....,-17.0
AUUUCUACGGCG,CGCUGUGGGAGU,((((((((((((,)))))))))))),-23.1
UGUCCGUUCUCC,GGAGGACGGGCG,.(((((((((((,))))))))))).,-28.1
GGAGUGUUGCUG,UGGCGGUACUCC,((((((((((((,)))))))))))),-20.1
GACGAGUUGUUU,AAGUAGUUCGUC,((((((((((((,)))))))))))),-13.7
CGUCUAUGAUGC,GUGUUGUGGGCG,((((((((((((,)))))))))))),-19.6
UGUGUGGUGUCG,CGACAUCGCACA,((((((((((((,)))))))))))),-26.0
ACCUCCGGUAUU,GAUGUUGGAGGU,((((((((((((,)))))))))))),-19.1
UCGUGUUCUGGA,UUUAGAGUGUGA,((((((((((((,)))))))))))),-11.3
GAGUAUCUUUGU,AUGAAGGUACUU,((((((((((((,)))))))))))),-17.9
UAGGUGGAUACG,CGUAUCUAUUUG,((((((((((((,)))))))))))),-19.7
GCCGUGUUUUCU,AGAAGGCAUGGC,((((((((((((,)))))))))))),-23.8
CUAAUAUCCCAU,GUGGGAUGUUAG,((((((((((((,)))))))))))),-22.6
UCUUCAGCGGGG,CCUCGCUGGGGA,((((((((((((,)))))))))))),-27.1
UGGUCAGUGGUC,GAUUGCUGACCA,((((((((((((,)))))))))))),-24.3
CGGCUGGGGCUC,GAGUUUCAGUCG,((((((((((((,)))))))))))),-24.2
GAUGGGUUUAUG,UAUAGGCCCGUU,((((((((((((,)))))))))))),-20.5
CGCGUCCUGCCU,GGGCGGGGUGUG,((((((((((((,)))))))))))),-23.4
UGGAUUUAAUUU,AAAUUAAGUUCG,.(((((((((((,))))))))))).,-15.5
UUGUGGCGUGCC,GGUACGCUGUAG,....((((((((,))))))))....,-21.3
UUUCGUCGGGUU,GACUCGGCGAGG,.(((((((((((,))))))))))).,-21.7
UAGUUGUAGGUG,CGCUUGCGGCUA,((((((((((((,)))))))))))),-21.6
GGGGCGGUAUGG,CCAUAUUGUUCU,((((((((((((,)))))))))))),-21.4
AUACAGGCGGGC,GCCUGUUUGUAU,((((((((((((,)))))))))))),-24.1
UGCGUCUGGUUC,GAGUCAGACGCG,.(((((((((((,))))))))))).,-23.4
AAGGGGCGCAGU,GUUGUGUCCUUU,((((((((((((,)))))))))))),-18.0
GGGUCGUUUGCA,UGCAGGCGACUC,((((((((((((,)))))))))))),-24.8
UGAUACCUUGGG,CCUGGGGUGUCA,((((((((((((,)))))))))))),-23.8
CUGUGGUUUAGC,GUUAAACCGCGG,((((((((((((,)))))))))))),-23.2
CGGCUUUAUGUU,GAUGUGAAGCUG,((((((((((((,)))))))))))),-18.3
UACGUACACGGA,UUCGUGUAUGUG,((((((((((((,)))))))))))),-21.5
CACUGCGGGGCU,GGCUUUGUAGUG,((((((((((((,)))))))))))),-22.2
GGAGUGGGAAGG,CUUUCCUGUUUU,.(((((((((((,))))))))))).,-16.1
UAUGUGUCGGAU,AUCCGGUGCGUA,((((((((((((,)))))))))))),-18.4
UGCUAUUGCGCA,UGCGUGGUAGUA,((((((((((((,)))))))))))),-21.4
GCCGCUAUUGCA,UGUGGUGGUGGU,((((((((((((,)))))))))))),-21.5
GGUAUGGCGGCU,GGUCGCUAUGUC,((((((((((((,)))))))))))),-19.6
AGAUGCGUUCGA,UUGGAUGCAUCU,((((((((((((,)))))))))))),-21.9
UAUAUUAGAGAC,GUUUCUGAUGUA,((((((((((((,)))))))))))),-19.3
UCAUUGCGGUUA,UGGUUGUAGUGG,.(((((((((((,))))))))))).,-14.2
GGUGAUCGGUCU,AGGCCGAUUAUU,.(((((((((((,))))))))))).,-22.4
UAUCCGUACCGU,GUGGUGCGGGUA,((((((((((((,)))))))))))),-20.8
CGUGGCUGGAUU,GAUUUGGUCACG,((((((((((((,)))))))))))),-19.0
GGUGGCGGAGCC,GGCUUUGCUAUU,.(((((((((((,))))))))))).,-24.2
AUUUCUCUCUGC,GCGGAGGGGAGU,((((((((((((,)))))))))))),-23.4
UGGUUGUCGAUU,GGUCGACGACUG,.(((((((((((,))))))))))).,-20.9
CUUUGAUGUUGG,UUAGCGUUAAAG,((((((((((((,)))))))))))),-16.9
GUGAUGGUGUAG,UUACGCUAUUGC,((((((((((((,)))))))))))),-19.0
UCAUUGUUUCGG,UCGAAAUAAUGA,((((((((((((,)))))))))))),-19.8
AACUGAUCUCAA,UUGGGGUCGGUU,((((((((((((,)))))))))))),-21.0
UUUUCAGAUCCG,CGGGUCUGGAAA,.(((((((((((,))))))))))).,-23.6
GGAUGGAUUAGC,GCUGGUCCGUUC,((((((((((((,)))))))))))),-23.8
AUUGGUAGUUAU,GUGGCUACCAGU,((((((((((((,)))))))))))),-20.2
GUUAUCGCACGU,AUGUGCGGUGAU,((((((((((((,)))))))))))),-22.2
GUUGUUGCGGUG,CGUCGCGACAGC,((((((((((((,)))))))))))),-21.7
GGUCUGCAUGGU,GCCGUGCAGGUC,((((((((((((,)))))))))))),-22.3
CUUUCUAAUGUG,UAUAUUGGGAGG,((((((((((((,)))))))))))),-17.3
UAUAGCCGGGAG,CUCUUGGUUAUG,((((((((((((,)))))))))))),-22.0
GAUUACAUGUGU,ACGUAUGUGAUC,((((((((((((,)))))))))))),-17.7
CUGUUGAUCGGU,AUCGAUUGACGG,((((((((((((,)))))))))))),-20.0
CCUGCGUGAGCC,GGUUUAUGUAGG,((((((((((((,)))))))))))),-24.5
UUUUCUUGAUAG,UUGUUAGGAGAG,.(((((((((((,))))))))))).,-16.1
UUAUUUUCCUCU,AGAGGAAGGUGA,((((((((((((,)))))))))))),-20.7
GGCAGGAGAUAU,GUAUCUCUUGCC,((((((((((((,)))))))))))),-24.5
GCUAUCAUAGUG,UGUUAUGAUAGC,((((((((((((,)))))))))))),-17.1
CAUGCGAGUGUA,UAUGUUUGCAUG,((((((((((((,)))))))))))),-16.1
CGGUUCUCAGGG,CCCUGAGAGUUG,((((((((((((,)))))))))))),-23.1
UUCUUGGGGCCG,UGGUCCUAAGAA,.(((((((((((,))))))))))).,-24.3
GUACGAAAGUUG,UAGUUUUCGUAC,((((((((((((,)))))))))))),-16.5
UGGUGGUACUCU,AGGGUACUGUUG,....((((((((,))))))))....,-17.0
CGGGGCGUUUUA,UAAGAUGUCUCG,((((((((((((,)))))))))))),-19.9
GGAGUGGUAGCC,GGUUGCCACUCC,((((((((((((,)))))))))))),-29.4
UUUUAGGUAAGA,UUUUACUUGGAG,.(((((((((((,))))))))))).,-15.3
UUAAUGGCUUGG,UUAAGUCAUUAA,.(((((((((((,))))))))))).,-17.7
GUGCUCUGAUCC,GGAUCGGGGUGC,((((((((((((,)))))))))))),-25.1
AAUUCGGCCGCU,AGUGGUUGAAUU,((((((((((((,)))))))))))),-21.7
AUGGCUACCUGG,CCGGGUAGUCGU,((((((((((((,)))))))))))),-26.2
GCCUGUUGUGAG,CUUGCAACAGGC,((((((((((((,)))))))))))),-25.9
GUUGAAGGUUCU,GGAACCUUCGGU,.(((((((((((,))))))))))).,-20.6
AGGGAAGUCGUG,UGCGACUUCCCU,((((((((((((,)))))))))))),-26.1
GACUUUAGGGAG,CUCUUUAGGGUU,((((((((((((,)))))))))))),-19.4
GGAUUGCGUGUG,UGCGCGCGAUUC,((((((((((((,)))))))))))),-21.8
